37255
4702
466
42950
49435
28196
37830
30598
18769
61989
43803
24254
19552
36693
41026
9279
29460
35728
25431
34874
25150
10627
63787
64234
54361
164
46191
46191
26658
49762
57315
26989
53535
11966
1521
61176
7224
31164
54922
36386
59317
52032
16368
15413
49270
64747
54295
1261
2136
46176
4123
52177
42189
57926
49295
8889
25992
15076
5946
58403
1865
57814
41542
50444
43231
17356
61639
36369
51187
17637
29814
20035
33528
51104
496
64254
19443
9473
62402
62402
54578
1236
19521
57942
51273
20430
61961
42069
36412
18298
10865
6259
3222
58367
46376
17460
3705
59731
37472
8522
15338
50531
61286
61286
5731
61338
8378
938
44784
6344
51121
64008
64008
32667
48090
1731
36510
6832
50645
56338
6101
63738
44803
41425
21995
6699
61388
58058
27726
22681
48003
20963
1012
1949
20846
5362
63128
62258
33329
3733
4206
55299
16863
50804
27050
61877
28301
39595
36693
27181
15067
16399
46127
11834
6649
21549
8262
6377
25398
14197
58394
50286
38726
41477
24646
17445
55821
20039
62384
15734
47403
24684
39319
852
63292
36036
3483
29015
5964
62666
41427
64289
57057
49083
26768
64184
44635
26736
43877
19524
53312
61050
1783
46519
55962
4769
55781
56603
57050
10328
21666
14601
14601
5570
28674
11369
46578
41636
4582
28482
184
16404
27530
41754
19366
19806
15408
50221
16632
50489
36198
25746
53565
54440
19717
43199
21863
11875
37545
28914
1705
18808
36578
27448
26813
35810
36726
20454
4498
62820
5457
54255
63330
55730
26817
26180
6867
16508
11593
29407
32572
