41157
44151
48208
51689
24264
64832
54306
34658
14546
9328
32503
55079
21493
56964
60376
17429
45930
2988
49375
40646
49334
30598
62826
9699
60937
39677
6182
29362
30076
47756
16450
20849
48610
10858
45290
10200
46071
48614
16475
8661
29723
32300
37487
10920
51753
16856
47893
65088
51223
51307
61625
42354
26019
15634
22039
56721
39321
17622
26494
49534
54740
4825
8463
34086
65148
43448
46848
36003
32145
39130
26740
8961
28005
19855
18401
9788
25699
61813
53515
3644
53564
40015
6846
48054
57348
58102
54942
45359
11832
46023
37975
45265
