20481
5003	8	29952
20481
5003	8	23598
20481
5003	8	21956
5003	13	38252
5003	8	42867
20481
5003	13	38252
5003	8	19021
5003	8	45561
20481
5003	8	12224
5003	8	55646
20481
5003	8	40037
5003	8	61320
20481
5003	8	37176
5003	8	372
5003	8	53825
20481
20481
5003	8	17905
20481
5003	8	1487
20481
5003	13	61397
5003	8	1052
5003	13	61397
20481
5003	8	18854
5003	8	26256
5003	8	10731
20481
5003	8	10731
20481
20481
5003	8	26313
5003	8	63813
20481
5003	8	27829
20481
5003	8	60396
5003	8	15331
20481
5003	8	53152
5003	8	30168
20481
5003	8	49683
5003	8	47562
20481
5003	8	45448
20481
5003	8	62814
20481
5003	8	24844
5003	8	76
20481
5003	8	6992
20481
5003	8	27119
5003	8	15861
5003	8	41941
20481
5003	8	18963
5003	8	39064
20481
5003	8	59110
20481
5003	8	46787
5003	8	33932
20481
5003	8	51129
20481
5003	8	7401
20481
5003	8	64402
20481
20481
20481
5003	8	19477
20481
5003	8	34578
20481
5003	8	24487
20481
5003	8	17333
20481
5003	8	50286
5003	8	49849
20481
5003	8	13942
20481
5003	8	23496
5003	8	49727
20481
5003	8	22422
20481
5003	8	22003
5003	8	4868
20481
5003	8	4444
5003	8	40335
20481
5003	8	13956
5003	8	24353
20481
5003	8	2223
5003	8	45620
20481
5003	8	33399
20481
5003	8	18335
20481
20481
5003	8	41955
5003	8	36787
20481
5003	8	807
20481
5003	8	16518
20481
5003	8	45217
20481
5003	8	8253
20481
5003	8	32475
5003	8	44927
20481
5003	8	227
5003	8	57399
20481
20481
5003	8	29774
20481
5003	8	59815
5003	8	48107
5003	8	58955
20481
5003	8	56383
20481
5003	8	1478
5003	8	54052
20481
5003	8	20622
5003	8	63977
20481
5003	8	28454
20481
5003	8	42589
5003	8	28911
20481
5003	8	6342
5003	8	16785
5003	8	47139
20481
5003	8	2439
20481
5003	8	16999
20481
20481
5003	8	43261
20481
5003	8	13864
5003	8	60083
20481
5003	8	2792
20481
5003	8	9651
20481
5003	8	21971
5003	8	43245
20481
20481
5003	8	13580
5003	8	24022
20481
5003	8	12748
5003	8	129
20481
5003	8	40966
5003	8	15932
20481
5003	8	12580
20481
20481
5003	8	41723
20481
5003	8	55063
5003	8	32943
20481
5003	8	29099
20481
5003	8	4228
20481
5003	8	33393
20481
20481
5003	8	27090
5003	8	57907
20481
5003	8	29074
20481
5003	8	59977
20481
5003	8	4460
5003	8	19786
20481
5003	8	15839
20481
20481
5003	13	61384
5003	8	64682
5003	13	61384
5003	13	5039
20481
5003	13	5039
5003	8	9994
5003	8	9570
20481
5003	8	19221
20481
5003	8	49156
5003	8	42574
20481
5003	8	2865
5003	8	54191
20481
5003	8	39142
5003	8	32776
20481
20481
5003	8	42399
5003	8	28595
20481
5003	13	32082
5003	13	32082
5003	8	39451
5003	8	59985
20481
20481
5003	8	4774
20481
20481
5003	8	51350
5003	8	50552
5003	8	17575
20481
5003	8	49703
20481
5003	8	8351
5003	8	50028
20481
5003	8	7414
5003	8	13506
20481
5003	8	44483
20481
20481
5003	8	1347
20481
5003	8	64787
5003	8	9231
20481
5003	8	7803
20481
5003	8	25698
20481
5003	8	45382
5003	8	1098
20481
5003	8	656
5003	8	25699
20481
5003	8	21936
20481
5003	8	19814
5003	8	18518
5003	8	38984
20481
5003	8	53485
20481
5003	8	50507
5003	8	6689
20481
5003	8	34664
20481
5003	8	58112
20481
5003	8	22179
5003	8	45271
20481
5003	8	29952
20481
5003	8	23598
20481
5003	8	21956
5003	13	38252
5003	8	42867
20481
5003	13	38252
5003	8	19021
5003	8	45561
20481
5003	8	12224
5003	8	55646
20481
5003	8	40037
5003	8	61320
20481
5003	8	37176
5003	8	372
5003	8	53825
20481
20481
5003	8	17905
20481
5003	8	1487
20481
5003	13	61397
5003	8	1052
5003	13	61397
20481
5003	8	18854
5003	8	26256
5003	8	10731
20481
5003	8	10731
20481
20481
5003	8	26313
5003	8	63813
20481
5003	8	27829
20481
5003	8	60396
5003	8	15331
20481
5003	8	53152
5003	8	30168
20481
5003	8	49683
5003	8	47562
20481
5003	8	45448
20481
5003	8	62814
20481
5003	8	24844
5003	8	76
20481
5003	8	6992
20481
5003	8	27119
5003	8	15861
5003	8	41941
20481
5003	8	18963
5003	8	39064
20481
5003	8	59110
20481
5003	8	46787
5003	8	33932
20481
5003	8	51129
20481
5003	8	7401
20481
5003	8	64402
20481
20481
20481
5003	8	19477
20481
5003	8	34578
20481
5003	8	24487
20481
5003	8	17333
20481
5003	8	50286
5003	8	49849
20481
5003	8	13942
20481
5003	8	23496
5003	8	49727
20481
5003	8	22422
20481
5003	8	22003
5003	8	4868
20481
5003	8	4444
5003	8	40335
20481
5003	8	13956
5003	8	24353
20481
5003	8	2223
5003	8	45620
20481
5003	8	33399
20481
5003	8	18335
20481
20481
5003	8	41955
5003	8	36787
20481
5003	8	807
20481
5003	8	16518
20481
5003	8	45217
20481
5003	8	8253
20481
5003	8	32475
5003	8	44927
20481
5003	8	227
5003	8	57399
20481
20481
5003	8	29774
20481
5003	8	59815
5003	8	48107
5003	8	58955
20481
5003	8	56383
20481
5003	8	1478
5003	8	54052
20481
5003	8	20622
5003	8	63977
20481
5003	8	28454
20481
5003	8	42589
5003	8	28911
20481
5003	8	6342
5003	8	16785
5003	8	47139
20481
5003	8	2439
20481
5003	8	16999
20481
20481
5003	8	43261
20481
5003	8	13864
5003	8	60083
20481
5003	8	2792
20481
5003	8	9651
20481
5003	8	21971
5003	8	43245
20481
20481
5003	8	13580
5003	8	24022
20481
5003	8	12748
5003	8	129
20481
5003	8	40966
5003	8	15932
20481
5003	8	12580
20481
20481
5003	8	41723
20481
5003	8	55063
5003	8	32943
20481
5003	8	29099
20481
5003	8	4228
20481
5003	8	33393
20481
20481
5003	8	27090
5003	8	57907
20481
5003	8	29074
20481
5003	8	59977
20481
5003	8	4460
5003	8	19786
20481
5003	8	15839
20481
20481
5003	13	61384
5003	8	64682
5003	13	61384
5003	13	5039
20481
5003	13	5039
5003	8	9994
5003	8	9570
20481
5003	8	19221
20481
5003	8	49156
5003	8	42574
20481
5003	8	2865
5003	8	54191
20481
5003	8	39142
5003	8	32776
20481
20481
5003	8	42399
5003	8	28595
20481
5003	13	32082
5003	13	32082
5003	8	39451
5003	8	59985
20481
20481
5003	8	4774
20481
20481
5003	8	51350
5003	8	50552
5003	8	17575
20481
5003	8	49703
20481
5003	8	8351
5003	8	50028
20481
5003	8	7414
5003	8	13506
20481
5003	8	44483
20481
20481
5003	8	1347
20481
5003	8	64787
5003	8	9231
20481
5003	8	7803
20481
5003	8	25698
20481
5003	8	45382
5003	8	1098
20481
5003	8	656
5003	8	25699
20481
5003	8	21936
20481
5003	8	19814
5003	8	18518
5003	8	38984
20481
5003	8	53485
20481
5003	8	50507
5003	8	6689
20481
5003	8	34664
20481
5003	8	58112
20481
5003	8	22179
5003	8	45271
20481
20481
5003	8	61653
5003	8	7120
5003	13	61866
20481
5003	8	2361
5003	13	61866
20481
5003	8	36879
5003	8	14720
20481
5003	8	35588
5003	8	1335
20481
5003	8	6296
5003	8	58434
5003	13	60383
20481
5003	13	60383
5003	8	3753
5003	8	2872
20481
5003	8	24564
5003	8	47609
20481
5003	8	56434
20481
20481
5003	8	9216
5003	8	17905
20481
5003	8	8121
5003	13	4172
20481
5003	8	8121
5003	13	4172
5003	8	45186
20481
5003	8	527
20481
5003	8	4362
20481
5003	8	45589
5003	8	43884
20481
5003	8	54312
5003	8	53033
20481
5003	8	2398
20481
5003	8	64603
20481
5003	8	50763
20481
5003	8	17366
20481
5003	8	62316
5003	8	39350
20481
5003	8	47281
5003	8	36758
20481
5003	8	57280
5003	8	13037
5003	8	497
20481
20481
5003	8	43693
5003	8	31979
20481
5003	8	64543
5003	8	63902
20481
20481
5003	8	49942
20481
5003	8	65303
5003	8	28030
20481
5003	8	25075
20481
5003	8	31677
20481
5003	8	7445
5003	8	53415
20481
5003	8	4853
20481
20481
5003	8	20152
20481
5003	8	8066
5003	8	730
20481
5003	8	31592
20481
5003	8	7304
5003	8	28175
20481
5003	8	37780
20481
5003	8	29524
5003	8	62047
20481
5003	8	18280
20481
5003	8	1187
20481
20481
5003	8	18888
20481
20481
5003	8	2170
20481
20481
5003	8	42493
5003	8	41599
20481
5003	8	8618
5003	8	64112
20481
5003	8	29074
20481
5003	8	57705
20481
5003	8	5443
20481
5003	8	13396
20481
5003	8	34675
20481
5003	8	5776
5003	8	4944
20481
5003	8	45802
5003	8	9702
20481
5003	8	18388
5003	8	49243
20481
5003	8	32984
5003	8	9982
20481
5003	8	28735
5003	8	14196
20481
5003	8	43294
20481
20481
5003	8	15393
5003	8	58794
5003	8	7719
20481
5003	8	43514
20481
5003	8	38602
5003	8	5170
20481
5003	8	53041
20481
20481
5003	8	32855
20481
5003	8	63759
5003	13	60337
5003	8	63759
5003	13	60337
20481
5003	8	45849
5003	8	21658
20481
5003	8	28324
20481
20481
5003	8	56862
20481
5003	13	56624
5003	8	59394
5003	13	56624
20481
20481
5003	8	45747
5003	8	51674
20481
5003	8	25023
5003	8	30919
20481
5003	8	49323
20481
5003	8	47323
5003	8	12348
5003	8	53347
20481
20481
5003	8	47612
5003	8	31328
20481
5003	8	49506
20481
5003	8	57835
5003	8	23967
20481
20481
5003	8	33166
5003	8	10260
20481
5003	8	42037
20481
5003	8	5776
5003	8	40475
20481
5003	8	45597
20481
20481
5003	8	32119
20481
5003	8	52942
5003	8	19536
20481
5003	8	61691
5003	8	787
5003	8	32130
20481
20481
5003	8	24882
5003	8	45791
20481
5003	8	65077
20481
20481
20481
20481
5003	8	58275
20481
5003	8	45827
20481
5003	8	61994
5003	8	56421
20481
5003	8	44787
20481
5003	8	62018
20481
5003	8	15692
5003	8	23049
20481
5003	8	917
20481
5003	8	8887
5003	8	39065
20481
5003	8	37042
5003	8	14142
20481
5003	8	43528
20481
5003	8	15712
5003	8	35162
20481
5003	8	29617
5003	8	28852
20481
5003	8	39707
20481
5003	8	35798
20481
5003	8	25354
20481
5003	8	22550
5003	8	40027
20481
5003	8	7225
5003	8	28822
20481
5003	8	44541
5003	8	54612
20481
5003	8	32507
20481
5003	8	1597
5003	8	39903
20481
5003	8	14486
20481
5003	8	37526
20481
5003	8	29952
20481
5003	8	23598
20481
5003	8	21956
5003	13	38252
5003	8	42867
20481
5003	13	38252
5003	8	19021
5003	8	45561
20481
5003	8	12224
5003	8	55646
20481
5003	8	40037
5003	8	61320
20481
5003	8	37176
5003	8	372
5003	8	53825
20481
20481
5003	8	17905
20481
5003	8	1487
20481
5003	13	61397
5003	8	1052
5003	13	61397
20481
5003	8	18854
5003	8	26256
5003	8	10731
20481
5003	8	10731
20481
20481
5003	8	26313
5003	8	63813
20481
5003	8	27829
20481
5003	8	60396
5003	8	15331
20481
5003	8	53152
5003	8	30168
20481
5003	8	49683
5003	8	47562
20481
5003	8	45448
20481
5003	8	62814
20481
5003	8	24844
5003	8	76
20481
5003	8	6992
20481
5003	8	27119
5003	8	15861
5003	8	41941
20481
5003	8	18963
5003	8	39064
20481
5003	8	59110
20481
5003	8	46787
5003	8	33932
20481
5003	8	51129
20481
5003	8	7401
20481
5003	8	64402
20481
20481
20481
5003	8	19477
20481
5003	8	34578
20481
5003	8	24487
20481
5003	8	17333
20481
5003	8	50286
5003	8	49849
20481
5003	8	13942
20481
5003	8	23496
5003	8	49727
20481
5003	8	22422
20481
5003	8	22003
5003	8	4868
20481
5003	8	4444
5003	8	40335
20481
5003	8	13956
5003	8	24353
20481
5003	8	2223
5003	8	45620
20481
5003	8	33399
20481
5003	8	18335
20481
20481
5003	8	41955
5003	8	36787
20481
5003	8	807
20481
5003	8	16518
20481
5003	8	45217
20481
5003	8	8253
20481
5003	8	32475
5003	8	44927
20481
5003	8	227
5003	8	57399
20481
20481
5003	8	29774
20481
5003	8	59815
5003	8	48107
5003	8	58955
20481
5003	8	56383
20481
5003	8	1478
5003	8	54052
20481
5003	8	20622
5003	8	63977
20481
5003	8	28454
20481
5003	8	42589
5003	8	28911
20481
5003	8	6342
5003	8	16785
5003	8	47139
20481
5003	8	2439
20481
5003	8	16999
20481
20481
5003	8	43261
20481
5003	8	13864
5003	8	60083
20481
5003	8	2792
20481
5003	8	9651
20481
5003	8	21971
5003	8	43245
20481
20481
5003	8	13580
5003	8	24022
20481
5003	8	12748
5003	8	129
20481
5003	8	40966
5003	8	15932
20481
5003	8	12580
20481
20481
5003	8	41723
20481
5003	8	55063
5003	8	32943
20481
5003	8	29099
20481
5003	8	4228
20481
5003	8	33393
20481
20481
5003	8	27090
5003	8	57907
20481
5003	8	29074
20481
5003	8	59977
20481
5003	8	4460
5003	8	19786
20481
5003	8	15839
20481
20481
5003	13	61384
5003	8	64682
5003	13	61384
5003	13	5039
20481
5003	13	5039
5003	8	9994
5003	8	9570
20481
5003	8	19221
20481
5003	8	49156
5003	8	42574
20481
5003	8	2865
5003	8	54191
20481
5003	8	39142
5003	8	32776
20481
20481
5003	8	42399
5003	8	28595
20481
5003	13	32082
5003	13	32082
5003	8	39451
5003	8	59985
20481
20481
5003	8	4774
20481
20481
5003	8	51350
5003	8	50552
5003	8	17575
20481
5003	8	49703
20481
5003	8	8351
5003	8	50028
20481
5003	8	7414
5003	8	13506
20481
5003	8	44483
20481
20481
5003	8	1347
20481
5003	8	64787
5003	8	9231
20481
5003	8	7803
20481
5003	8	25698
20481
5003	8	45382
5003	8	1098
20481
5003	8	656
5003	8	25699
20481
5003	8	21936
20481
5003	8	19814
5003	8	18518
5003	8	38984
20481
5003	8	53485
20481
5003	8	50507
5003	8	6689
20481
5003	8	34664
20481
5003	8	58112
20481
5003	8	22179
5003	8	45271
20481
20481
5003	8	61653
5003	8	7120
5003	13	61866
20481
5003	8	2361
5003	13	61866
20481
5003	8	36879
5003	8	14720
20481
5003	8	35588
5003	8	1335
20481
5003	8	6296
5003	8	58434
5003	13	60383
20481
5003	13	60383
5003	8	3753
5003	8	2872
20481
5003	8	24564
5003	8	47609
20481
5003	8	56434
20481
20481
5003	8	9216
5003	8	17905
20481
5003	8	8121
5003	13	4172
20481
5003	8	8121
5003	13	4172
5003	8	45186
20481
5003	8	527
20481
5003	8	4362
20481
5003	8	45589
5003	8	43884
20481
5003	8	54312
5003	8	53033
20481
5003	8	2398
20481
5003	8	64603
20481
5003	8	50763
20481
5003	8	17366
20481
5003	8	62316
5003	8	39350
20481
5003	8	47281
5003	8	36758
20481
5003	8	57280
5003	8	13037
5003	8	497
20481
20481
5003	8	43693
5003	8	31979
20481
5003	8	64543
5003	8	63902
20481
20481
5003	8	49942
20481
5003	8	65303
5003	8	28030
20481
5003	8	25075
20481
5003	8	31677
20481
5003	8	7445
5003	8	53415
20481
5003	8	4853
20481
20481
5003	8	20152
20481
5003	8	8066
5003	8	730
20481
5003	8	31592
20481
5003	8	7304
5003	8	28175
20481
5003	8	37780
20481
5003	8	29524
5003	8	62047
20481
5003	8	18280
20481
5003	8	1187
20481
20481
5003	8	18888
20481
20481
5003	8	2170
20481
20481
5003	8	42493
5003	8	41599
20481
5003	8	8618
5003	8	64112
20481
5003	8	29074
20481
5003	8	57705
20481
5003	8	5443
20481
5003	8	13396
20481
5003	8	34675
20481
5003	8	5776
5003	8	4944
20481
5003	8	45802
5003	8	9702
20481
5003	8	18388
5003	8	49243
20481
5003	8	32984
5003	8	9982
20481
5003	8	28735
5003	8	14196
20481
5003	8	43294
20481
20481
5003	8	15393
5003	8	58794
5003	8	7719
20481
5003	8	43514
20481
5003	8	38602
5003	8	5170
20481
5003	8	53041
20481
20481
5003	8	32855
20481
5003	8	63759
5003	13	60337
5003	8	63759
5003	13	60337
20481
5003	8	45849
5003	8	21658
20481
5003	8	28324
20481
20481
5003	8	56862
20481
5003	13	56624
5003	8	59394
5003	13	56624
20481
20481
5003	8	45747
5003	8	51674
20481
5003	8	25023
5003	8	30919
20481
5003	8	49323
20481
5003	8	47323
5003	8	12348
5003	8	53347
20481
20481
5003	8	47612
5003	8	31328
20481
5003	8	49506
20481
5003	8	57835
5003	8	23967
20481
20481
5003	8	33166
5003	8	10260
20481
5003	8	42037
20481
5003	8	5776
5003	8	40475
20481
5003	8	45597
20481
20481
5003	8	32119
20481
5003	8	52942
5003	8	19536
20481
5003	8	61691
5003	8	787
5003	8	32130
20481
20481
5003	8	24882
5003	8	45791
20481
5003	8	65077
20481
20481
20481
20481
5003	8	58275
20481
5003	8	45827
20481
5003	8	61994
5003	8	56421
20481
5003	8	44787
20481
5003	8	62018
20481
5003	8	15692
5003	8	23049
20481
5003	8	917
20481
5003	8	8887
5003	8	39065
20481
5003	8	37042
5003	8	14142
20481
5003	8	43528
20481
5003	8	15712
5003	8	35162
20481
5003	8	29617
5003	8	28852
20481
5003	8	39707
20481
5003	8	35798
20481
5003	8	25354
20481
5003	8	22550
5003	8	40027
20481
5003	8	7225
5003	8	28822
20481
5003	8	44541
5003	8	54612
20481
5003	8	32507
20481
5003	8	1597
5003	8	39903
20481
5003	8	14486
20481
5003	8	37526
20481
5003	8	52815
5003	8	44705
20481
5003	8	482
5003	8	8913
20481
5003	8	49992
20481
5003	8	10867
20481
5003	8	47693
20481
5003	8	25529
20481
5003	8	451
20481
5003	8	29952
20481
5003	8	23598
20481
5003	8	21956
5003	13	38252
5003	8	42867
20481
5003	13	38252
5003	8	19021
5003	8	45561
20481
5003	8	12224
5003	8	55646
20481
5003	8	40037
5003	8	61320
20481
5003	8	37176
5003	8	372
5003	8	53825
20481
20481
5003	8	17905
20481
5003	8	1487
20481
5003	13	61397
5003	8	1052
5003	13	61397
20481
5003	8	18854
5003	8	26256
5003	8	10731
20481
5003	8	10731
20481
20481
5003	8	26313
5003	8	63813
20481
5003	8	27829
20481
5003	8	60396
5003	8	15331
20481
5003	8	53152
5003	8	30168
20481
5003	8	49683
5003	8	47562
20481
5003	8	45448
20481
5003	8	62814
20481
5003	8	24844
5003	8	76
20481
5003	8	6992
20481
5003	8	27119
5003	8	15861
5003	8	41941
20481
5003	8	18963
5003	8	39064
20481
5003	8	59110
20481
5003	8	46787
5003	8	33932
20481
5003	8	51129
20481
5003	8	7401
20481
5003	8	64402
20481
20481
20481
5003	8	19477
20481
5003	8	34578
20481
5003	8	24487
20481
5003	8	17333
20481
5003	8	50286
5003	8	49849
20481
5003	8	13942
20481
5003	8	23496
5003	8	49727
20481
5003	8	22422
20481
5003	8	22003
5003	8	4868
20481
5003	8	4444
5003	8	40335
20481
5003	8	13956
5003	8	24353
20481
5003	8	2223
5003	8	45620
20481
5003	8	33399
20481
5003	8	18335
20481
20481
5003	8	41955
5003	8	36787
20481
5003	8	807
20481
5003	8	16518
20481
5003	8	45217
20481
5003	8	8253
20481
5003	8	32475
5003	8	44927
20481
5003	8	227
5003	8	57399
20481
20481
5003	8	29774
20481
5003	8	59815
5003	8	48107
5003	8	58955
20481
5003	8	56383
20481
5003	8	1478
5003	8	54052
20481
5003	8	20622
5003	8	63977
20481
5003	8	28454
20481
5003	8	42589
5003	8	28911
20481
5003	8	6342
5003	8	16785
5003	8	47139
20481
5003	8	2439
20481
5003	8	16999
20481
20481
5003	8	43261
20481
5003	8	13864
5003	8	60083
20481
5003	8	2792
20481
5003	8	9651
20481
5003	8	21971
5003	8	43245
20481
20481
5003	8	13580
5003	8	24022
20481
5003	8	12748
5003	8	129
20481
5003	8	40966
5003	8	15932
20481
5003	8	12580
20481
20481
5003	8	41723
20481
5003	8	55063
5003	8	32943
20481
5003	8	29099
20481
5003	8	4228
20481
5003	8	33393
20481
20481
5003	8	27090
5003	8	57907
20481
5003	8	29074
20481
5003	8	59977
20481
5003	8	4460
5003	8	19786
20481
5003	8	15839
20481
20481
5003	13	61384
5003	8	64682
5003	13	61384
5003	13	5039
20481
5003	13	5039
5003	8	9994
5003	8	9570
20481
5003	8	19221
20481
5003	8	49156
5003	8	42574
20481
5003	8	2865
5003	8	54191
20481
5003	8	39142
5003	8	32776
20481
20481
5003	8	42399
5003	8	28595
20481
5003	13	32082
5003	13	32082
5003	8	39451
5003	8	59985
20481
20481
5003	8	4774
20481
20481
5003	8	51350
5003	8	50552
5003	8	17575
20481
5003	8	49703
20481
5003	8	8351
5003	8	50028
20481
5003	8	7414
5003	8	13506
20481
5003	8	44483
20481
20481
5003	8	1347
20481
5003	8	64787
5003	8	9231
20481
5003	8	7803
20481
5003	8	25698
20481
5003	8	45382
5003	8	1098
20481
5003	8	656
5003	8	25699
20481
5003	8	21936
20481
5003	8	19814
5003	8	18518
5003	8	38984
20481
5003	8	53485
20481
5003	8	50507
5003	8	6689
20481
5003	8	34664
20481
5003	8	58112
20481
5003	8	22179
5003	8	45271
20481
20481
5003	8	61653
5003	8	7120
5003	13	61866
20481
5003	8	2361
5003	13	61866
20481
5003	8	36879
5003	8	14720
20481
5003	8	35588
5003	8	1335
20481
5003	8	6296
5003	8	58434
5003	13	60383
20481
5003	13	60383
5003	8	3753
5003	8	2872
20481
5003	8	24564
5003	8	47609
20481
5003	8	56434
20481
20481
5003	8	9216
5003	8	17905
20481
5003	8	8121
5003	13	4172
20481
5003	8	8121
5003	13	4172
5003	8	45186
20481
5003	8	527
20481
5003	8	4362
20481
5003	8	45589
5003	8	43884
20481
5003	8	54312
5003	8	53033
20481
5003	8	2398
20481
5003	8	64603
20481
5003	8	50763
20481
5003	8	17366
20481
5003	8	62316
5003	8	39350
20481
5003	8	47281
5003	8	36758
20481
5003	8	57280
5003	8	13037
5003	8	497
20481
20481
5003	8	43693
5003	8	31979
20481
5003	8	64543
5003	8	63902
20481
20481
5003	8	49942
20481
5003	8	65303
5003	8	28030
20481
5003	8	25075
20481
5003	8	31677
20481
5003	8	7445
5003	8	53415
20481
5003	8	4853
20481
20481
5003	8	20152
20481
5003	8	8066
5003	8	730
20481
5003	8	31592
20481
5003	8	7304
5003	8	28175
20481
5003	8	37780
20481
5003	8	29524
5003	8	62047
20481
5003	8	18280
20481
5003	8	1187
20481
20481
5003	8	18888
20481
20481
5003	8	2170
20481
20481
5003	8	42493
5003	8	41599
20481
5003	8	8618
5003	8	64112
20481
5003	8	29074
20481
5003	8	57705
20481
5003	8	5443
20481
5003	8	13396
20481
5003	8	34675
20481
5003	8	5776
5003	8	4944
20481
5003	8	45802
5003	8	9702
20481
5003	8	18388
5003	8	49243
20481
5003	8	32984
5003	8	9982
20481
5003	8	28735
5003	8	14196
20481
5003	8	43294
20481
20481
5003	8	15393
5003	8	58794
5003	8	7719
20481
5003	8	43514
20481
5003	8	38602
5003	8	5170
20481
5003	8	53041
20481
20481
5003	8	32855
20481
5003	8	63759
5003	13	60337
5003	8	63759
5003	13	60337
20481
5003	8	45849
5003	8	21658
20481
5003	8	28324
20481
20481
5003	8	56862
20481
5003	13	56624
5003	8	59394
5003	13	56624
20481
20481
5003	8	45747
5003	8	51674
20481
5003	8	25023
5003	8	30919
20481
5003	8	49323
20481
5003	8	47323
5003	8	12348
5003	8	53347
20481
20481
5003	8	47612
5003	8	31328
20481
5003	8	49506
20481
5003	8	57835
5003	8	23967
20481
20481
5003	8	33166
5003	8	10260
20481
5003	8	42037
20481
5003	8	5776
5003	8	40475
20481
5003	8	45597
20481
20481
5003	8	32119
20481
5003	8	52942
5003	8	19536
20481
5003	8	61691
5003	8	787
5003	8	32130
20481
20481
5003	8	24882
5003	8	45791
20481
5003	8	65077
20481
20481
20481
20481
5003	8	58275
20481
5003	8	45827
20481
5003	8	61994
5003	8	56421
20481
5003	8	44787
20481
5003	8	62018
20481
5003	8	15692
5003	8	23049
20481
5003	8	917
20481
5003	8	8887
5003	8	39065
20481
5003	8	37042
5003	8	14142
20481
5003	8	43528
20481
5003	8	15712
5003	8	35162
20481
5003	8	29617
5003	8	28852
20481
5003	8	39707
20481
5003	8	35798
20481
5003	8	25354
20481
5003	8	22550
5003	8	40027
20481
5003	8	7225
5003	8	28822
20481
5003	8	44541
5003	8	54612
20481
5003	8	32507
20481
5003	8	1597
5003	8	39903
20481
5003	8	14486
20481
5003	8	37526
20481
5003	8	52815
5003	8	44705
20481
5003	8	482
5003	8	8913
20481
5003	8	49992
20481
5003	8	10867
20481
5003	8	47693
20481
5003	8	25529
20481
5003	8	451
20481
5003	8	29952
20481
5003	8	23598
20481
5003	8	21956
5003	13	38252
5003	8	42867
20481
5003	13	38252
5003	8	19021
5003	8	45561
20481
5003	8	12224
5003	8	55646
20481
5003	8	40037
5003	8	61320
20481
5003	8	37176
5003	8	372
5003	8	53825
20481
20481
5003	8	17905
20481
5003	8	1487
20481
5003	13	61397
5003	8	1052
5003	13	61397
20481
5003	8	18854
5003	8	26256
5003	8	10731
20481
5003	8	10731
20481
20481
5003	8	26313
5003	8	63813
20481
5003	8	27829
20481
5003	8	60396
5003	8	15331
20481
5003	8	53152
5003	8	30168
20481
5003	8	49683
5003	8	47562
20481
5003	8	45448
20481
5003	8	62814
20481
5003	8	24844
5003	8	76
20481
5003	8	6992
20481
5003	8	27119
5003	8	15861
5003	8	41941
20481
5003	8	18963
5003	8	39064
20481
5003	8	59110
20481
5003	8	46787
5003	8	33932
20481
5003	8	51129
20481
5003	8	7401
20481
5003	8	64402
20481
20481
20481
5003	8	19477
20481
5003	8	34578
20481
5003	8	24487
20481
5003	8	17333
20481
5003	8	50286
5003	8	49849
20481
5003	8	13942
20481
5003	8	23496
5003	8	49727
20481
5003	8	22422
20481
5003	8	22003
5003	8	4868
20481
5003	8	4444
5003	8	40335
20481
5003	8	13956
5003	8	24353
20481
5003	8	2223
5003	8	45620
20481
5003	8	33399
20481
5003	8	18335
20481
20481
5003	8	41955
5003	8	36787
20481
5003	8	807
20481
5003	8	16518
20481
5003	8	45217
20481
5003	8	8253
20481
5003	8	32475
5003	8	44927
20481
5003	8	227
5003	8	57399
20481
20481
5003	8	29774
20481
5003	8	59815
5003	8	48107
5003	8	58955
20481
5003	8	56383
20481
5003	8	1478
5003	8	54052
20481
5003	8	20622
5003	8	63977
20481
5003	8	28454
20481
5003	8	42589
5003	8	28911
20481
5003	8	6342
5003	8	16785
5003	8	47139
20481
5003	8	2439
20481
5003	8	16999
20481
20481
5003	8	43261
20481
5003	8	13864
5003	8	60083
20481
5003	8	2792
20481
5003	8	9651
20481
5003	8	21971
5003	8	43245
20481
20481
5003	8	13580
5003	8	24022
20481
5003	8	12748
5003	8	129
20481
5003	8	40966
5003	8	15932
20481
5003	8	12580
20481
20481
5003	8	41723
20481
5003	8	55063
5003	8	32943
20481
5003	8	29099
20481
5003	8	4228
20481
5003	8	33393
20481
20481
5003	8	27090
5003	8	57907
20481
5003	8	29074
20481
5003	8	59977
20481
5003	8	4460
5003	8	19786
20481
5003	8	15839
20481
20481
5003	13	61384
5003	8	64682
5003	13	61384
5003	13	5039
20481
5003	13	5039
5003	8	9994
5003	8	9570
20481
5003	8	19221
20481
5003	8	49156
5003	8	42574
20481
5003	8	2865
5003	8	54191
20481
5003	8	39142
5003	8	32776
20481
20481
5003	8	42399
5003	8	28595
20481
5003	13	32082
5003	13	32082
5003	8	39451
5003	8	59985
20481
20481
5003	8	4774
20481
20481
5003	8	51350
5003	8	50552
5003	8	17575
20481
5003	8	49703
20481
5003	8	8351
5003	8	50028
20481
5003	8	7414
5003	8	13506
20481
5003	8	44483
20481
20481
5003	8	1347
20481
5003	8	64787
5003	8	9231
20481
5003	8	7803
20481
5003	8	25698
20481
5003	8	45382
5003	8	1098
20481
5003	8	656
5003	8	25699
20481
5003	8	21936
20481
5003	8	19814
5003	8	18518
5003	8	38984
20481
5003	8	53485
20481
5003	8	50507
5003	8	6689
20481
5003	8	34664
20481
5003	8	58112
20481
5003	8	22179
5003	8	45271
20481
20481
5003	8	61653
5003	8	7120
5003	13	61866
20481
5003	8	2361
5003	13	61866
20481
5003	8	36879
5003	8	14720
20481
5003	8	35588
5003	8	1335
20481
5003	8	6296
5003	8	58434
5003	13	60383
20481
5003	13	60383
5003	8	3753
5003	8	2872
20481
5003	8	24564
5003	8	47609
20481
5003	8	56434
20481
20481
5003	8	9216
5003	8	17905
20481
5003	8	8121
5003	13	4172
20481
5003	8	8121
5003	13	4172
5003	8	45186
20481
5003	8	527
20481
5003	8	4362
20481
5003	8	45589
5003	8	43884
20481
5003	8	54312
5003	8	53033
20481
5003	8	2398
20481
5003	8	64603
20481
5003	8	50763
20481
5003	8	17366
20481
5003	8	62316
5003	8	39350
20481
5003	8	47281
5003	8	36758
20481
5003	8	57280
5003	8	13037
5003	8	497
20481
20481
5003	8	43693
5003	8	31979
20481
5003	8	64543
5003	8	63902
20481
20481
5003	8	49942
20481
5003	8	65303
5003	8	28030
20481
5003	8	25075
20481
5003	8	31677
20481
5003	8	7445
5003	8	53415
20481
5003	8	4853
20481
20481
5003	8	20152
20481
5003	8	8066
5003	8	730
20481
5003	8	31592
20481
5003	8	7304
5003	8	28175
20481
5003	8	37780
20481
5003	8	29524
5003	8	62047
20481
5003	8	18280
20481
5003	8	1187
20481
20481
5003	8	18888
20481
20481
5003	8	2170
20481
20481
5003	8	42493
5003	8	41599
20481
5003	8	8618
5003	8	64112
20481
5003	8	29074
20481
5003	8	57705
20481
5003	8	5443
20481
5003	8	13396
20481
5003	8	34675
20481
5003	8	5776
5003	8	4944
20481
5003	8	45802
5003	8	9702
20481
5003	8	18388
5003	8	49243
20481
5003	8	32984
5003	8	9982
20481
5003	8	28735
5003	8	14196
20481
5003	8	43294
20481
20481
5003	8	15393
5003	8	58794
5003	8	7719
20481
5003	8	43514
20481
5003	8	38602
5003	8	5170
20481
5003	8	53041
20481
20481
5003	8	32855
20481
5003	8	63759
5003	13	60337
5003	8	63759
5003	13	60337
20481
5003	8	45849
5003	8	21658
20481
5003	8	28324
20481
20481
5003	8	56862
20481
5003	13	56624
5003	8	59394
5003	13	56624
20481
20481
5003	8	45747
5003	8	51674
20481
5003	8	25023
5003	8	30919
20481
5003	8	49323
20481
5003	8	47323
5003	8	12348
5003	8	53347
20481
20481
5003	8	47612
5003	8	31328
20481
5003	8	49506
20481
5003	8	57835
5003	8	23967
20481
20481
5003	8	33166
5003	8	10260
20481
5003	8	42037
20481
5003	8	5776
5003	8	40475
20481
5003	8	45597
20481
20481
5003	8	32119
20481
5003	8	52942
5003	8	19536
20481
5003	8	61691
5003	8	787
5003	8	32130
20481
20481
5003	8	24882
5003	8	45791
20481
5003	8	65077
20481
20481
20481
20481
5003	8	58275
20481
5003	8	45827
20481
5003	8	61994
5003	8	56421
20481
5003	8	44787
20481
5003	8	62018
20481
5003	8	15692
5003	8	23049
20481
5003	8	917
20481
5003	8	8887
5003	8	39065
20481
5003	8	37042
5003	8	14142
20481
5003	8	43528
20481
5003	8	15712
5003	8	35162
20481
5003	8	29617
5003	8	28852
20481
5003	8	39707
20481
5003	8	35798
20481
5003	8	25354
20481
5003	8	22550
5003	8	40027
20481
5003	8	7225
5003	8	28822
20481
5003	8	44541
5003	8	54612
20481
5003	8	32507
20481
5003	8	1597
5003	8	39903
20481
5003	8	14486
20481
5003	8	37526
20481
5003	8	52815
5003	8	44705
20481
5003	8	482
5003	8	8913
20481
5003	8	49992
20481
5003	8	10867
20481
5003	8	47693
20481
5003	8	25529
20481
5003	8	451
20481
5003	8	29952
20481
5003	8	23598
20481
5003	8	21956
5003	13	38252
5003	8	42867
20481
5003	13	38252
5003	8	19021
5003	8	45561
20481
5003	8	12224
5003	8	55646
20481
5003	8	40037
5003	8	61320
20481
5003	8	37176
5003	8	372
5003	8	53825
20481
20481
5003	8	17905
20481
5003	8	1487
20481
5003	13	61397
5003	8	1052
5003	13	61397
20481
5003	8	18854
5003	8	26256
5003	8	10731
20481
5003	8	10731
20481
20481
5003	8	26313
5003	8	63813
20481
5003	8	27829
20481
5003	8	60396
5003	8	15331
20481
5003	8	53152
5003	8	30168
20481
5003	8	49683
5003	8	47562
20481
5003	8	45448
20481
5003	8	62814
20481
5003	8	24844
5003	8	76
20481
5003	8	6992
20481
5003	8	27119
5003	8	15861
5003	8	41941
20481
5003	8	18963
5003	8	39064
20481
5003	8	59110
20481
5003	8	46787
5003	8	33932
20481
5003	8	51129
20481
5003	8	7401
20481
5003	8	64402
20481
20481
20481
5003	8	19477
20481
5003	8	34578
20481
5003	8	24487
20481
5003	8	17333
20481
5003	8	50286
5003	8	49849
20481
5003	8	13942
20481
5003	8	23496
5003	8	49727
20481
5003	8	22422
20481
5003	8	22003
5003	8	4868
20481
5003	8	4444
5003	8	40335
20481
5003	8	13956
5003	8	24353
20481
5003	8	2223
5003	8	45620
20481
5003	8	33399
20481
5003	8	18335
20481
20481
5003	8	41955
5003	8	36787
20481
5003	8	807
20481
5003	8	16518
20481
5003	8	45217
20481
5003	8	8253
20481
5003	8	32475
5003	8	44927
20481
5003	8	227
5003	8	57399
20481
20481
5003	8	29774
20481
5003	8	59815
5003	8	48107
5003	8	58955
20481
5003	8	56383
20481
5003	8	1478
5003	8	54052
20481
5003	8	20622
5003	8	63977
20481
5003	8	28454
20481
5003	8	42589
5003	8	28911
20481
5003	8	6342
5003	8	16785
5003	8	47139
20481
5003	8	2439
20481
5003	8	16999
20481
20481
5003	8	43261
20481
5003	8	13864
5003	8	60083
20481
5003	8	2792
20481
5003	8	9651
20481
5003	8	21971
5003	8	43245
20481
20481
5003	8	13580
5003	8	24022
20481
5003	8	12748
5003	8	129
20481
5003	8	40966
5003	8	15932
20481
5003	8	12580
20481
20481
5003	8	41723
20481
5003	8	55063
5003	8	32943
20481
5003	8	29099
20481
5003	8	4228
20481
5003	8	33393
20481
20481
5003	8	27090
5003	8	57907
20481
5003	8	29074
20481
5003	8	59977
20481
5003	8	4460
5003	8	19786
20481
5003	8	15839
20481
20481
5003	13	61384
5003	8	64682
5003	13	61384
5003	13	5039
20481
5003	13	5039
5003	8	9994
5003	8	9570
20481
5003	8	19221
20481
5003	8	49156
5003	8	42574
20481
5003	8	2865
5003	8	54191
20481
5003	8	39142
5003	8	32776
20481
20481
5003	8	42399
5003	8	28595
20481
5003	13	32082
5003	13	32082
5003	8	39451
5003	8	59985
20481
20481
5003	8	4774
20481
20481
5003	8	51350
5003	8	50552
5003	8	17575
20481
5003	8	49703
20481
5003	8	8351
5003	8	50028
20481
5003	8	7414
5003	8	13506
20481
5003	8	44483
20481
20481
5003	8	1347
20481
5003	8	64787
5003	8	9231
20481
5003	8	7803
20481
5003	8	25698
20481
5003	8	45382
5003	8	1098
20481
5003	8	656
5003	8	25699
20481
5003	8	21936
20481
5003	8	19814
5003	8	18518
5003	8	38984
20481
5003	8	53485
20481
5003	8	50507
5003	8	6689
20481
5003	8	34664
20481
5003	8	58112
20481
5003	8	22179
5003	8	45271
20481
20481
5003	8	61653
5003	8	7120
5003	13	61866
20481
5003	8	2361
5003	13	61866
20481
5003	8	36879
5003	8	14720
20481
5003	8	35588
5003	8	1335
20481
5003	8	6296
5003	8	58434
5003	13	60383
20481
5003	13	60383
5003	8	3753
5003	8	2872
20481
5003	8	24564
5003	8	47609
20481
5003	8	56434
20481
20481
5003	8	9216
5003	8	17905
20481
5003	8	8121
5003	13	4172
20481
5003	8	8121
5003	13	4172
5003	8	45186
20481
5003	8	527
20481
5003	8	4362
20481
5003	8	45589
5003	8	43884
20481
5003	8	54312
5003	8	53033
20481
5003	8	2398
20481
5003	8	64603
20481
5003	8	50763
20481
5003	8	17366
20481
5003	8	62316
5003	8	39350
20481
5003	8	47281
5003	8	36758
20481
5003	8	57280
5003	8	13037
5003	8	497
20481
20481
5003	8	43693
5003	8	31979
20481
5003	8	64543
5003	8	63902
20481
20481
5003	8	49942
20481
5003	8	65303
5003	8	28030
20481
5003	8	25075
20481
5003	8	31677
20481
5003	8	7445
5003	8	53415
20481
5003	8	4853
20481
20481
5003	8	20152
20481
5003	8	8066
5003	8	730
20481
5003	8	31592
20481
5003	8	7304
5003	8	28175
20481
5003	8	37780
20481
5003	8	29524
5003	8	62047
20481
5003	8	18280
20481
5003	8	1187
20481
20481
5003	8	18888
20481
20481
5003	8	2170
20481
20481
5003	8	42493
5003	8	41599
20481
5003	8	8618
5003	8	64112
20481
5003	8	29074
20481
5003	8	57705
20481
5003	8	5443
20481
5003	8	13396
20481
5003	8	34675
20481
5003	8	5776
5003	8	4944
20481
5003	8	45802
5003	8	9702
20481
5003	8	18388
5003	8	49243
20481
5003	8	32984
5003	8	9982
20481
5003	8	28735
5003	8	14196
20481
5003	8	43294
20481
20481
5003	8	15393
5003	8	58794
5003	8	7719
20481
5003	8	43514
20481
5003	8	38602
5003	8	5170
20481
5003	8	53041
20481
20481
5003	8	32855
20481
5003	8	63759
5003	13	60337
5003	8	63759
5003	13	60337
20481
5003	8	45849
5003	8	21658
20481
5003	8	28324
20481
20481
5003	8	56862
20481
5003	13	56624
5003	8	59394
5003	13	56624
20481
20481
5003	8	45747
5003	8	51674
20481
5003	8	25023
5003	8	30919
20481
5003	8	49323
20481
5003	8	47323
5003	8	12348
5003	8	53347
20481
20481
5003	8	47612
5003	8	31328
20481
5003	8	49506
20481
5003	8	57835
5003	8	23967
20481
20481
5003	8	33166
5003	8	10260
20481
5003	8	42037
20481
5003	8	5776
5003	8	40475
20481
5003	8	45597
20481
20481
5003	8	32119
20481
5003	8	52942
5003	8	19536
20481
5003	8	61691
5003	8	787
5003	8	32130
20481
20481
5003	8	24882
5003	8	45791
20481
5003	8	65077
20481
20481
20481
20481
5003	8	58275
20481
5003	8	45827
20481
5003	8	61994
5003	8	56421
20481
5003	8	44787
20481
5003	8	62018
20481
5003	8	15692
5003	8	23049
20481
5003	8	917
20481
5003	8	8887
5003	8	39065
20481
5003	8	37042
5003	8	14142
20481
5003	8	43528
20481
5003	8	15712
5003	8	35162
20481
5003	8	29617
5003	8	28852
20481
5003	8	39707
20481
5003	8	35798
20481
5003	8	25354
20481
5003	8	22550
5003	8	40027
20481
5003	8	7225
5003	8	28822
20481
5003	8	44541
5003	8	54612
20481
5003	8	32507
20481
5003	8	1597
5003	8	39903
20481
5003	8	14486
20481
5003	8	37526
20481
5003	8	52815
5003	8	44705
20481
5003	8	482
5003	8	8913
20481
5003	8	49992
20481
5003	8	10867
20481
5003	8	47693
20481
5003	8	25529
20481
5003	8	451
20481
5003	8	29952
20481
5003	8	23598
20481
5003	8	21956
5003	13	38252
5003	8	42867
20481
5003	13	38252
5003	8	19021
5003	8	45561
20481
5003	8	12224
5003	8	55646
20481
5003	8	40037
5003	8	61320
20481
5003	8	37176
5003	8	372
5003	8	53825
20481
20481
5003	8	17905
20481
5003	8	1487
20481
5003	13	61397
5003	8	1052
5003	13	61397
20481
5003	8	18854
5003	8	26256
5003	8	10731
20481
5003	8	10731
20481
20481
5003	8	26313
5003	8	63813
20481
5003	8	27829
20481
5003	8	60396
5003	8	15331
20481
5003	8	53152
5003	8	30168
20481
5003	8	49683
5003	8	47562
20481
5003	8	45448
20481
5003	8	62814
20481
5003	8	24844
5003	8	76
20481
5003	8	6992
20481
5003	8	27119
5003	8	15861
5003	8	41941
20481
5003	8	18963
5003	8	39064
20481
5003	8	59110
20481
5003	8	46787
5003	8	33932
20481
5003	8	51129
20481
5003	8	7401
20481
5003	8	64402
20481
20481
20481
5003	8	19477
20481
5003	8	34578
20481
5003	8	24487
20481
5003	8	17333
20481
5003	8	50286
5003	8	49849
20481
5003	8	13942
20481
5003	8	23496
5003	8	49727
20481
5003	8	22422
20481
5003	8	22003
5003	8	4868
20481
5003	8	4444
5003	8	40335
20481
5003	8	13956
5003	8	24353
20481
5003	8	2223
5003	8	45620
20481
5003	8	33399
20481
5003	8	18335
20481
20481
5003	8	41955
5003	8	36787
20481
5003	8	807
20481
5003	8	16518
20481
5003	8	45217
20481
5003	8	8253
20481
5003	8	32475
5003	8	44927
20481
5003	8	227
5003	8	57399
20481
20481
5003	8	29774
20481
5003	8	59815
5003	8	48107
5003	8	58955
20481
5003	8	56383
20481
5003	8	1478
5003	8	54052
20481
5003	8	20622
5003	8	63977
20481
5003	8	28454
20481
5003	8	42589
5003	8	28911
20481
5003	8	6342
5003	8	16785
5003	8	47139
20481
5003	8	2439
20481
5003	8	16999
20481
20481
5003	8	43261
20481
5003	8	13864
5003	8	60083
20481
5003	8	2792
20481
5003	8	9651
20481
5003	8	21971
5003	8	43245
20481
20481
5003	8	13580
5003	8	24022
20481
5003	8	12748
5003	8	129
20481
5003	8	40966
5003	8	15932
20481
5003	8	12580
20481
20481
5003	8	41723
20481
5003	8	55063
5003	8	32943
20481
5003	8	29099
20481
5003	8	4228
20481
5003	8	33393
20481
20481
5003	8	27090
5003	8	57907
20481
5003	8	29074
20481
5003	8	59977
20481
5003	8	4460
5003	8	19786
20481
5003	8	15839
20481
20481
5003	13	61384
5003	8	64682
5003	13	61384
5003	13	5039
20481
5003	13	5039
5003	8	9994
5003	8	9570
20481
5003	8	19221
20481
5003	8	49156
5003	8	42574
20481
5003	8	2865
5003	8	54191
20481
5003	8	39142
5003	8	32776
20481
20481
5003	8	42399
5003	8	28595
20481
5003	13	32082
5003	13	32082
5003	8	39451
5003	8	59985
20481
20481
5003	8	4774
20481
20481
5003	8	51350
5003	8	50552
5003	8	17575
20481
5003	8	49703
20481
5003	8	8351
5003	8	50028
20481
5003	8	7414
5003	8	13506
20481
5003	8	44483
20481
20481
5003	8	1347
20481
5003	8	64787
5003	8	9231
20481
5003	8	7803
20481
5003	8	25698
20481
5003	8	45382
5003	8	1098
20481
5003	8	656
5003	8	25699
20481
5003	8	21936
20481
5003	8	19814
5003	8	18518
5003	8	38984
20481
5003	8	53485
20481
5003	8	50507
5003	8	6689
20481
5003	8	34664
20481
5003	8	58112
20481
5003	8	22179
5003	8	45271
20481
20481
5003	8	61653
5003	8	7120
5003	13	61866
20481
5003	8	2361
5003	13	61866
20481
5003	8	36879
5003	8	14720
20481
5003	8	35588
5003	8	1335
20481
5003	8	6296
5003	8	58434
5003	13	60383
20481
5003	13	60383
5003	8	3753
5003	8	2872
20481
5003	8	24564
5003	8	47609
20481
5003	8	56434
20481
20481
5003	8	9216
5003	8	17905
20481
5003	8	8121
5003	13	4172
20481
5003	8	8121
5003	13	4172
5003	8	45186
20481
5003	8	527
20481
5003	8	4362
20481
5003	8	45589
5003	8	43884
20481
5003	8	54312
5003	8	53033
20481
5003	8	2398
20481
5003	8	64603
20481
5003	8	50763
20481
5003	8	17366
20481
5003	8	62316
5003	8	39350
20481
5003	8	47281
5003	8	36758
20481
5003	8	57280
5003	8	13037
5003	8	497
20481
20481
5003	8	43693
5003	8	31979
20481
5003	8	64543
5003	8	63902
20481
20481
5003	8	49942
20481
5003	8	65303
5003	8	28030
20481
5003	8	25075
20481
5003	8	31677
20481
5003	8	7445
5003	8	53415
20481
5003	8	4853
20481
20481
5003	8	20152
20481
5003	8	8066
5003	8	730
20481
5003	8	31592
20481
5003	8	7304
5003	8	28175
20481
5003	8	37780
20481
5003	8	29524
5003	8	62047
20481
5003	8	18280
20481
5003	8	1187
20481
20481
5003	8	18888
20481
20481
5003	8	2170
20481
20481
5003	8	42493
5003	8	41599
20481
5003	8	8618
5003	8	64112
20481
5003	8	29074
20481
5003	8	57705
20481
5003	8	5443
20481
5003	8	13396
20481
5003	8	34675
20481
5003	8	5776
5003	8	4944
20481
5003	8	45802
5003	8	9702
20481
5003	8	18388
5003	8	49243
20481
5003	8	32984
5003	8	9982
20481
5003	8	28735
5003	8	14196
20481
5003	8	43294
20481
20481
5003	8	15393
5003	8	58794
5003	8	7719
20481
5003	8	43514
20481
5003	8	38602
5003	8	5170
20481
5003	8	53041
20481
20481
5003	8	32855
20481
5003	8	63759
5003	13	60337
5003	8	63759
5003	13	60337
20481
5003	8	45849
5003	8	21658
20481
5003	8	28324
20481
20481
5003	8	56862
20481
5003	13	56624
5003	8	59394
5003	13	56624
20481
20481
5003	8	45747
5003	8	51674
20481
5003	8	25023
5003	8	30919
20481
5003	8	49323
20481
5003	8	47323
5003	8	12348
5003	8	53347
20481
20481
5003	8	47612
5003	8	31328
20481
5003	8	49506
20481
5003	8	57835
5003	8	23967
20481
20481
5003	8	33166
5003	8	10260
20481
5003	8	42037
20481
5003	8	5776
5003	8	40475
20481
5003	8	45597
20481
20481
5003	8	32119
20481
5003	8	52942
5003	8	19536
20481
5003	8	61691
5003	8	787
5003	8	32130
20481
20481
5003	8	24882
5003	8	45791
20481
5003	8	65077
20481
20481
20481
20481
5003	8	58275
20481
5003	8	45827
20481
5003	8	61994
5003	8	56421
20481
5003	8	44787
20481
5003	8	62018
20481
5003	8	15692
5003	8	23049
20481
5003	8	917
20481
5003	8	8887
5003	8	39065
20481
5003	8	37042
5003	8	14142
20481
5003	8	43528
20481
5003	8	15712
5003	8	35162
20481
5003	8	29617
5003	8	28852
20481
5003	8	39707
20481
5003	8	35798
20481
5003	8	25354
20481
5003	8	22550
5003	8	40027
20481
5003	8	7225
5003	8	28822
20481
5003	8	44541
5003	8	54612
20481
5003	8	32507
20481
5003	8	1597
5003	8	39903
20481
5003	8	14486
20481
5003	8	37526
20481
5003	8	52815
5003	8	44705
20481
5003	8	482
5003	8	8913
20481
5003	8	49992
20481
5003	8	10867
20481
5003	8	47693
20481
5003	8	25529
20481
5003	8	451
