8300
14654
39441
18530
42363
15823
58350
14928
57580
36297
1076
37880
7572
43492
59897
60332
51720
44318
21351
21351
35553
63588
32554
65522
54376
16555
30169
10654
9062
11176
40973
13408
61321
54405
34265
45523
28633
51611
58553
38507
15079
27934
9254
52982
5305
50230
25759
35850
39291
6338
53938
24310
37901
11670
38962
39381
171
595
57282
18126
37513
59643
14763
26984
51372
27752
23550
59530
40106
11407
29999
5777
16470
61170
3985
31610
10759
22467
38662
41234
60388
7814
39761
61941
41253
27118
31426
53995
39839
9485
35813
21253
18136
47533
1301
58592
60923
48603
54372
18502
37844
49118
60254
19417
53775
57127
18614
5274
23681
27525
34024
4859
34307
3490
32310
1407
579
50788
16243
32935
51872
52296
41162
11227
27133
1307
6146
21195
23848
14225
