CSQ 50 3888.793565 259.016677 26.642722 285.589378 291.279330 15.524873 153.215824
CSQ 80 3880.229583 64.658492 4.102224 202.936776 118.763617 6.426436 58.608329
CSQ 110 3872.440894 33.553519 1.620998 162.123046 56.877640 2.930549 28.406494
CSQ 140 3878.381718 22.305097 1.030872 140.483679 33.880557 1.581419 19.630031
CSQ 170 3878.373791 16.367368 0.754757 126.013108 23.237095 1.080046 16.520331
CSQ 200 3878.937639 12.596289 0.573463 114.586295 16.998026 0.777075 12.903977
CSQ 230 3878.409018 10.386786 0.471748 107.165668 13.429756 0.612517 11.745202
CSQ 260 3878.584057 8.865570 0.402000 101.761274 11.000059 0.501562 10.750308
CSQ 290 3878.754146 7.824643 0.353744 98.042564 9.347289 0.424196 9.262672
CSQ 320 3878.851654 6.910760 0.311679 94.650729 7.915827 0.358443 8.136716
CSQ 350 3878.415109 6.238877 0.280652 91.940111 6.940633 0.313369 6.847615
CSQ 380 3878.618026 5.826035 0.261993 90.675222 6.308898 0.284428 6.530504
CSQ 410 3878.881850 5.397049 0.242442 89.170963 5.702184 0.257014 6.003410
CSQ 440 3878.253649 5.119733 0.229990 88.693995 5.274007 0.237595 5.711507
CSQ 470 3878.465063 4.835927 0.217039 87.625372 4.929997 0.221752 5.434491
CSQ 500 3878.628788 4.601163 0.206403 86.970048 4.585855 0.206131 5.191801
CSQ 1000 3878.511430 2.913891 0.130419 84.610692 2.485360 0.111360 2.957868
CSQ 1500 3878.442233 2.311630 0.103423 84.337532 1.856270 0.083128 2.278366
CSQ 2000 3878.369106 1.981440 0.088639 84.586509 1.539694 0.068928 1.900246
CSQ 2500 3878.330356 1.760093 0.078730 84.723909 1.344105 0.060168 1.563431
CSQ 3000 3878.375486 1.602045 0.071657 84.897906 1.208832 0.054096 1.410282
CSQ 3500 3878.263538 1.477785 0.066097 84.986230 1.104496 0.049426 1.269452
CSQ 4000 3878.392002 1.380434 0.061742 85.116981 1.021883 0.045729 1.187613
CSQ 4500 3878.253393 1.302335 0.058248 85.360936 0.959019 0.042912 1.087963
CSQ 5000 3878.440702 1.231508 0.055079 85.291533 0.900628 0.040296 1.006646
CSQ 5500 3878.362258 1.173635 0.052490 85.369840 0.857039 0.038343 0.917852
CSQ 6000 3878.372750 1.122519 0.050204 85.409368 0.816039 0.036510 0.941258
CSQ 6500 3878.391923 1.078839 0.048250 85.516511 0.783046 0.035033 0.897129
CSQ 7000 3878.420966 1.037878 0.046418 85.471260 0.748864 0.033502 0.840525
CSQ 7500 3878.332738 1.002975 0.044856 85.580548 0.722521 0.032322 0.796164
CSQ 8000 3878.332518 0.970974 0.043425 85.617164 0.698897 0.031266 0.800515
CSQ 8500 3878.342961 0.940923 0.042081 85.600377 0.675017 0.030197 0.694475
CSQ 9000 3878.342416 0.914238 0.040888 85.624858 0.655915 0.029342 0.732019
CSQ 9500 3878.339965 0.890140 0.039810 85.709659 0.638909 0.028582 0.701588
CSQ 10000 3878.480033 0.867899 0.038815 85.806649 0.624459 0.027935 0.679358
CSQ 10500 3878.491324 0.846193 0.037844 85.775624 0.606897 0.027148 0.656984
CSQ 11000 3878.419808 0.827641 0.037014 85.884403 0.593284 0.026541 0.672826
CSQ 11500 3878.509746 0.808565 0.036161 85.830849 0.578248 0.025867 0.675117
CSQ 12000 3878.432923 0.791978 0.035419 85.904015 0.565543 0.025299 0.628103
CSQ 12500 3878.504022 0.774935 0.034657 85.824088 0.553707 0.024769 0.665684
CSQ 13000 3878.461527 0.760243 0.034000 85.887769 0.543191 0.024298 0.569067
CSQ 13500 3878.409842 0.746098 0.033367 85.906207 0.531404 0.023771 0.592452
CSQ 14000 3878.475929 0.732539 0.032761 85.905190 0.519924 0.023257 0.567054
CSQ 14500 3878.418865 0.719505 0.032178 85.893828 0.510303 0.022827 0.581222
CSQ 15000 3878.402474 0.707634 0.031647 85.939547 0.502736 0.022488 0.541775
CSQ-WW 50 3877.338338 18.552434 0.848100 83.437884 18.921594 0.859809 13.789283
CSQ-WW 80 3877.889150 11.737961 0.532472 84.807149 11.965435 0.540808 11.042359
CSQ-WW 110 3878.602450 8.572102 0.386660 85.475249 8.661340 0.390019 8.532717
CSQ-WW 140 3878.567092 6.765644 0.304888 85.886725 6.802265 0.305827 8.048530
CSQ-WW 170 3878.717376 5.575017 0.250826 85.990341 5.614815 0.252123 7.124726
CSQ-WW 200 3878.566220 4.756218 0.213780 86.367210 4.761949 0.213719 6.581647
CSQ-WW 230 3878.258194 4.119507 0.185127 86.155518 4.130418 0.185356 6.322658
CSQ-WW 260 3878.815537 3.667497 0.164754 86.530476 3.677555 0.164955 6.203640
CSQ-WW 290 3878.519768 3.288674 0.147536 86.643900 3.292311 0.147560 5.149307
CSQ-WW 320 3878.592196 2.960555 0.132823 86.229327 2.966969 0.132986 5.180826
CSQ-WW 350 3878.787132 2.727057 0.122320 86.718984 2.729892 0.122337 5.031550
CSQ-WW 380 3878.731480 2.500099 0.112155 86.385450 2.510559 0.112508 5.073278
CSQ-WW 410 3878.544885 2.317486 0.103890 86.426568 2.321552 0.103995 4.504192
CSQ-WW 440 3878.454855 2.174971 0.097492 86.916894 2.174388 0.097383 4.433430
CSQ-WW 470 3878.864895 2.026656 0.090824 86.625903 2.027941 0.090825 4.229207
CSQ-WW 500 3878.825495 1.910448 0.085618 86.799646 1.911911 0.085628 4.226013
CSQ-WW 1000 3878.822455 0.950358 0.042551 86.528888 0.951795 0.042598 3.128760
CSQ-WW 1500 3878.494629 0.635899 0.028460 86.824484 0.635351 0.028429 2.521907
CSQ-WW 2000 3878.543618 0.475607 0.021281 86.647575 0.475560 0.021275 2.080526
CSQ-WW 2500 3878.500345 0.381147 0.017052 86.761497 0.381124 0.017049 1.841883
CSQ-WW 3000 3878.593724 0.317480 0.014202 86.736277 0.317491 0.014202 1.604134
CSQ-WW 3500 3878.468226 0.272044 0.012169 86.730949 0.271880 0.012161 1.502448
CSQ-WW 4000 3878.604169 0.237725 0.010634 86.639840 0.237821 0.010637 1.385995
CSQ-WW 4500 3878.512932 0.211786 0.009473 86.786338 0.211658 0.009467 1.353951
CSQ-WW 5000 3878.553416 0.190630 0.008527 86.804034 0.190445 0.008518 1.300770
CSQ-WW 5500 3878.526824 0.173349 0.007754 86.829077 0.173102 0.007742 1.283849
CSQ-WW 6000 3878.599845 0.158813 0.007103 86.784448 0.158695 0.007098 1.146566
CSQ-WW 6500 3878.590972 0.146492 0.006552 86.741753 0.146417 0.006549 1.103129
CSQ-WW 7000 3878.634146 0.136072 0.006086 86.753669 0.136123 0.006088 1.069569
CSQ-WW 7500 3878.732106 0.126807 0.005672 86.655657 0.126923 0.005677 1.022860
CSQ-WW 8000 3878.739714 0.119078 0.005326 86.769511 0.119081 0.005326 0.987854
CSQ-WW 8500 3878.700492 0.112106 0.005014 86.787484 0.112104 0.005014 0.944678
CSQ-WW 9000 3878.753836 0.105839 0.004734 86.762016 0.105852 0.004734 0.917168
CSQ-WW 9500 3878.688379 0.100114 0.004478 86.662889 0.100177 0.004480 0.910416
CSQ-WW 10000 3878.617390 0.095227 0.004259 86.742556 0.095263 0.004261 0.896136
CSQ-WW 10500 3878.729794 0.090632 0.004054 86.700728 0.090690 0.004056 0.862014
CSQ-WW 11000 3878.607011 0.086583 0.003872 86.758335 0.086552 0.003871 0.878483
CSQ-WW 11500 3878.624928 0.082972 0.003711 86.887433 0.082822 0.003704 0.783009
CSQ-WW 12000 3878.612150 0.079466 0.003554 86.838811 0.079381 0.003550 0.815999
CSQ-WW 12500 3878.632702 0.076261 0.003411 86.814616 0.076199 0.003408 0.813577
CSQ-WW 13000 3878.664136 0.073339 0.003280 86.829686 0.073246 0.003276 0.799561
CSQ-WW 13500 3878.608039 0.070672 0.003161 86.869959 0.070601 0.003158 0.790626
CSQ-WW 14000 3878.697120 0.068019 0.003042 86.746787 0.068006 0.003041 0.723347
CSQ-WW 14500 3878.691157 0.065664 0.002937 86.728961 0.065709 0.002939 0.744989
CSQ-WW 15000 3878.672155 0.063431 0.002837 86.677775 0.063510 0.002840 0.756291
MLE 50 3878.167699 12.009503 0.539918 84.920084 8.511515 0.382746 8.739147
MLE 80 3877.898842 9.625503 0.431778 86.093108 6.805791 0.305292 6.727477
MLE 110 3878.347533 8.190869 0.367103 85.906550 5.791381 0.259562 5.668710
MLE 140 3878.538899 7.281211 0.326251 86.152443 5.148288 0.230680 5.340059
MLE 170 3878.783097 6.624526 0.296681 86.373252 4.684020 0.209775 4.620658
MLE 200 3878.263280 6.100191 0.273163 86.269732 4.313325 0.193148 4.399792
MLE 230 3878.326011 5.696265 0.255014 86.388130 4.027744 0.180317 3.976535
MLE 260 3878.433422 5.355334 0.239774 86.352156 3.786698 0.169542 4.151971
MLE 290 3878.050391 5.080473 0.227418 86.517330 3.592356 0.160805 3.743352
MLE 320 3878.467647 4.840285 0.216632 86.585647 3.422530 0.153179 3.407511
MLE 350 3878.035689 4.626076 0.207031 86.545950 3.271072 0.146390 3.256286
MLE 380 3878.645822 4.442375 0.198803 86.597824 3.141180 0.140573 3.184011
MLE 410 3878.264613 4.283064 0.191672 86.725444 3.028536 0.135531 3.168196
MLE 440 3878.450894 4.130488 0.184813 86.641836 2.920654 0.130681 2.738382
MLE 470 3878.647421 3.989570 0.178511 86.491808 2.821014 0.126225 2.777357
MLE 500 3878.142510 3.873128 0.173294 86.605780 2.738681 0.122536 2.666239
MLE 1000 3878.302197 2.740118 0.122575 86.650155 1.937548 0.086673 2.017791
MLE 1500 3878.336558 2.236986 0.100058 86.638084 1.581787 0.070752 1.599274
MLE 2000 3878.478310 1.936895 0.086631 86.620599 1.369594 0.061258 1.355920
MLE 2500 3878.443046 1.733170 0.077518 86.658498 1.225539 0.054814 1.295492
MLE 3000 3878.389368 1.584055 0.070847 86.762289 1.120099 0.050097 1.133282
MLE 3500 3878.409379 1.465392 0.065539 86.693777 1.036192 0.046343 1.073872
MLE 4000 3878.301722 1.372443 0.061381 86.800924 0.970467 0.043403 0.927116
MLE 4500 3878.443795 1.293425 0.057847 86.765577 0.914592 0.040904 0.925617
MLE 5000 3878.444028 1.226941 0.054873 86.757808 0.867581 0.038801 0.884604
MLE 5500 3878.498167 1.169572 0.052307 86.737789 0.827015 0.036987 0.830153
MLE 6000 3878.360540 1.119946 0.050088 86.750671 0.791924 0.035417 0.774478
MLE 6500 3878.411394 1.075231 0.048088 86.687877 0.760305 0.034003 0.751212
MLE 7000 3878.316093 1.036850 0.046371 86.749079 0.733166 0.032789 0.738170
MLE 7500 3878.414983 1.001528 0.044791 86.734876 0.708189 0.031672 0.716385
MLE 8000 3878.474616 0.969288 0.043349 86.695753 0.685392 0.030653 0.732098
MLE 8500 3878.515363 0.940345 0.042055 86.695489 0.664926 0.029737 0.647126
MLE 9000 3878.423222 0.913999 0.040876 86.709594 0.646297 0.028904 0.626619
MLE 9500 3878.471835 0.889859 0.039797 86.732716 0.629227 0.028141 0.613550
MLE 10000 3878.524576 0.867221 0.038784 86.722058 0.613219 0.027425 0.590460
MLE 10500 3878.474771 0.845862 0.037829 86.675056 0.598116 0.026749 0.610372
MLE 11000 3878.473234 0.826701 0.036972 86.705084 0.584567 0.026143 0.537205
MLE 11500 3878.493812 0.808603 0.036163 86.713063 0.571771 0.025571 0.563034
MLE 12000 3878.386559 0.791635 0.035404 86.719263 0.559772 0.025034 0.534411
MLE 12500 3878.382057 0.775852 0.034698 86.742868 0.548612 0.024535 0.542466
MLE 13000 3878.395030 0.760393 0.034006 86.698166 0.537681 0.024046 0.525906
MLE 13500 3878.457528 0.746535 0.033387 86.739473 0.527881 0.023608 0.530340
MLE 14000 3878.418894 0.733089 0.032785 86.740280 0.518374 0.023183 0.505911
MLE 14500 3878.424309 0.720286 0.032213 86.733873 0.509320 0.022778 0.489951
MLE 15000 3878.467717 0.707844 0.031656 86.692879 0.500523 0.022384 0.471055
