CSQ 50 3882.402006 52.245104 13.808606 120.543122 44.453754 3.693105 70.775945
CSQ 80 3878.775516 14.670261 0.694140 94.904613 16.452263 0.788098 16.961207
CSQ 110 3878.598218 10.600627 0.484019 89.513829 10.806795 0.499817 11.910253
CSQ 140 3878.143383 8.588450 0.387501 86.604552 8.142166 0.370414 8.849346
CSQ 170 3878.700087 7.568616 0.340676 86.170567 6.893009 0.312339 7.442332
CSQ 200 3877.992383 6.787139 0.304897 85.510428 5.957402 0.269117 6.567710
CSQ 230 3879.121801 6.175213 0.277215 84.887741 5.329467 0.240373 6.011408
CSQ 260 3878.714397 5.775460 0.259056 84.976042 4.887017 0.220174 5.374010
CSQ 290 3878.661895 5.415353 0.242762 84.975604 4.533288 0.204103 5.089992
CSQ 320 3878.532523 5.130067 0.229888 85.043564 4.216122 0.189731 4.549474
CSQ 350 3878.635481 4.890988 0.219171 85.248795 3.966801 0.178370 4.609940
CSQ 380 3878.694172 4.653178 0.208428 84.971067 3.741243 0.168096 4.121562
CSQ 410 3878.986373 4.456435 0.199587 84.963404 3.546631 0.159325 4.031127
CSQ 440 3878.367616 4.281167 0.191700 84.876577 3.375803 0.151595 3.786992
CSQ 470 3878.384239 4.147017 0.185693 85.094016 3.253936 0.146187 3.590265
CSQ 500 3878.374215 4.003920 0.179235 85.162671 3.118098 0.139972 3.341767
CSQ 1000 3878.526138 2.781577 0.124449 85.549226 2.069123 0.092739 2.341979
CSQ 1500 3878.505179 2.263033 0.101235 85.934401 1.656146 0.074182 1.875931
CSQ 2000 3878.587553 1.952683 0.087341 85.991309 1.414451 0.063338 1.505763
CSQ 2500 3878.504337 1.742819 0.077952 86.041567 1.253481 0.056117 1.415415
CSQ 3000 3878.507862 1.590296 0.071127 86.181425 1.138051 0.050943 1.207445
CSQ 3500 3878.473126 1.469152 0.065708 86.112515 1.049886 0.046989 1.103665
CSQ 4000 3878.510358 1.376410 0.061559 86.291416 0.981676 0.043934 1.027316
CSQ 4500 3878.489437 1.297133 0.058013 86.348685 0.921814 0.041250 0.917899
CSQ 5000 3878.430817 1.228980 0.054965 86.293747 0.871205 0.038986 0.924843
CSQ 5500 3878.374059 1.171407 0.052390 86.307522 0.828684 0.037083 0.867584
CSQ 6000 3878.445113 1.122918 0.050221 86.438082 0.793007 0.035483 0.856348
CSQ 6500 3878.401571 1.076484 0.048144 86.307946 0.759764 0.033994 0.790982
CSQ 7000 3878.450876 1.038559 0.046448 86.424556 0.730725 0.032695 0.776129
CSQ 7500 3878.408871 1.002399 0.044830 86.383869 0.706179 0.031595 0.742179
CSQ 8000 3878.436510 0.971806 0.043462 86.518991 0.684973 0.030646 0.721226
CSQ 8500 3878.417957 0.941413 0.042103 86.403169 0.661049 0.029576 0.669156
CSQ 9000 3878.389608 0.915080 0.040925 86.446998 0.643866 0.028806 0.651984
CSQ 9500 3878.379843 0.891223 0.039858 86.517007 0.627495 0.028072 0.655246
CSQ 10000 3878.433035 0.868261 0.038831 86.490571 0.610617 0.027317 0.631474
CSQ 10500 3878.446831 0.847232 0.037890 86.489022 0.594849 0.026612 0.625163
CSQ 11000 3878.446336 0.827727 0.037018 86.508943 0.581814 0.026028 0.624634
CSQ 11500 3878.493883 0.810080 0.036229 86.580396 0.569945 0.025497 0.595307
CSQ 12000 3878.486763 0.793011 0.035465 86.595832 0.558678 0.024992 0.570036
CSQ 12500 3878.430650 0.776972 0.034748 86.597574 0.546317 0.024440 0.574816
CSQ 13000 3878.394304 0.761727 0.034066 86.585102 0.535289 0.023946 0.533713
CSQ 13500 3878.442885 0.747437 0.033427 86.588767 0.525414 0.023504 0.583636
CSQ 14000 3878.388871 0.733905 0.032822 86.586630 0.517025 0.023128 0.549398
CSQ 14500 3878.390253 0.721541 0.032269 86.646526 0.506287 0.022648 0.508771
CSQ 15000 3878.388504 0.708529 0.031687 86.531569 0.495390 0.022160 0.536163
CSQ-WW 50 3878.372651 9.268713 0.424566 83.314221 9.482675 0.432593 14.490473
CSQ-WW 80 3878.290642 5.922146 0.268948 85.484602 5.984686 0.270774 11.283672
CSQ-WW 110 3877.570879 4.289204 0.193535 85.392999 4.356738 0.195983 8.766492
CSQ-WW 140 3878.433094 3.392921 0.152850 86.082234 3.405237 0.153085 7.771509
CSQ-WW 170 3878.799007 2.797016 0.125900 86.268545 2.805610 0.126038 7.410072
CSQ-WW 200 3878.916584 2.387225 0.107348 86.479818 2.397222 0.107604 6.932462
CSQ-WW 230 3878.861087 2.076017 0.093303 86.586701 2.080634 0.093353 6.505402
CSQ-WW 260 3878.693928 1.828300 0.082098 86.361592 1.834690 0.082271 5.920534
CSQ-WW 290 3878.488447 1.645367 0.073860 86.647830 1.648170 0.073887 5.687617
CSQ-WW 320 3878.995126 1.483392 0.066537 86.312315 1.489964 0.066774 5.012262
CSQ-WW 350 3878.757590 1.366802 0.061290 86.836507 1.368553 0.061323 4.815189
CSQ-WW 380 3878.520797 1.254096 0.056251 86.601700 1.256662 0.056308 4.997206
CSQ-WW 410 3878.641405 1.168710 0.052389 86.972115 1.169431 0.052390 4.464584
CSQ-WW 440 3878.373227 1.078540 0.048361 86.356087 1.082279 0.048490 4.658826
CSQ-WW 470 3878.675224 1.013148 0.045423 86.620454 1.013402 0.045395 4.627480
CSQ-WW 500 3878.588419 0.952369 0.042684 86.592744 0.954358 0.042745 4.258651
CSQ-WW 1000 3878.541332 0.477355 0.021372 86.813216 0.478180 0.021401 3.068784
CSQ-WW 1500 3878.707781 0.318230 0.014242 86.855361 0.318271 0.014240 2.457158
CSQ-WW 2000 3878.627950 0.238567 0.010674 86.838662 0.238666 0.010677 2.064769
CSQ-WW 2500 3878.612412 0.191309 0.008559 86.999188 0.191161 0.008551 1.857949
CSQ-WW 3000 3878.569404 0.158945 0.007111 86.809289 0.159022 0.007113 1.661404
CSQ-WW 3500 3878.575024 0.136828 0.006121 87.098686 0.136634 0.006112 1.487541
CSQ-WW 4000 3878.630233 0.119601 0.005350 87.024456 0.119510 0.005346 1.463950
CSQ-WW 4500 3878.592632 0.106396 0.004759 87.064082 0.106398 0.004759 1.317621
CSQ-WW 5000 3878.622688 0.095645 0.004278 87.002364 0.095604 0.004276 1.236891
CSQ-WW 5500 3878.597839 0.086918 0.003888 86.973760 0.086937 0.003888 1.218138
CSQ-WW 6000 3878.656144 0.079640 0.003562 86.959416 0.079598 0.003560 1.165166
CSQ-WW 6500 3878.662941 0.073515 0.003288 86.957340 0.073478 0.003286 1.146544
CSQ-WW 7000 3878.466027 0.068286 0.003054 86.976936 0.068247 0.003052 1.069064
CSQ-WW 7500 3878.580773 0.063720 0.002850 86.954284 0.063697 0.002849 1.048798
CSQ-WW 8000 3878.528831 0.059796 0.002674 87.013765 0.059778 0.002674 0.951129
CSQ-WW 8500 3878.504793 0.056209 0.002514 86.935429 0.056195 0.002513 0.989323
CSQ-WW 9000 3878.554762 0.053092 0.002375 86.953207 0.053067 0.002373 0.986735
CSQ-WW 9500 3878.513922 0.050333 0.002251 86.999476 0.050291 0.002249 0.889380
CSQ-WW 10000 3878.682159 0.047827 0.002139 87.015271 0.047778 0.002137 0.869523
CSQ-WW 10500 3878.529376 0.045509 0.002035 86.955604 0.045473 0.002034 0.844101
CSQ-WW 11000 3878.605457 0.043454 0.001943 86.977912 0.043416 0.001942 0.840962
CSQ-WW 11500 3878.586204 0.041613 0.001861 87.057516 0.041551 0.001858 0.801057
CSQ-WW 12000 3878.593902 0.039821 0.001781 86.958148 0.039815 0.001781 0.862513
CSQ-WW 12500 3878.646494 0.038221 0.001709 86.946145 0.038217 0.001709 0.801780
CSQ-WW 13000 3878.600321 0.036778 0.001645 86.995888 0.036766 0.001644 0.791523
CSQ-WW 13500 3878.601233 0.035411 0.001584 86.991288 0.035398 0.001583 0.766927
CSQ-WW 14000 3878.596473 0.034132 0.001527 86.955080 0.034136 0.001527 0.711812
CSQ-WW 14500 3878.600013 0.032970 0.001475 86.987851 0.032965 0.001474 0.721570
CSQ-WW 15000 3878.584048 0.031838 0.001424 86.919580 0.031838 0.001424 0.721967
MLE 50 3877.883558 12.105492 0.544268 85.598754 8.558273 0.384784 8.862717
MLE 80 3878.548595 9.579821 0.429864 85.684518 6.773191 0.303925 7.033768
MLE 110 3878.934389 8.221451 0.368533 86.227304 5.812979 0.260571 5.894683
MLE 140 3877.915810 7.290664 0.326631 86.264295 5.154970 0.230949 5.159228
MLE 170 3878.180811 6.663950 0.298433 86.887277 4.711903 0.211014 4.573392
MLE 200 3878.777622 6.126338 0.274323 86.639503 4.331812 0.193968 4.347921
MLE 230 3878.490641 5.719025 0.256028 86.733310 4.043832 0.181034 3.955221
MLE 260 3877.780146 5.384852 0.241053 86.828130 3.807562 0.170446 3.841124
MLE 290 3878.060738 5.098705 0.228220 86.827822 3.605242 0.161372 3.624590
MLE 320 3878.251339 4.839771 0.216619 86.576448 3.422162 0.153170 3.512553
MLE 350 3878.455573 4.637335 0.207548 86.756592 3.279030 0.146756 3.411424
MLE 380 3878.365098 4.456271 0.199429 86.868706 3.151007 0.141015 3.233754
MLE 410 3878.646724 4.289625 0.191948 86.858282 3.033176 0.135726 2.949889
MLE 440 3878.503131 4.150061 0.185707 87.052420 2.934496 0.131313 3.003567
MLE 470 3878.470203 3.987473 0.178417 86.446363 2.819533 0.126158 2.767168
MLE 500 3878.418037 3.887482 0.173939 86.926732 2.748832 0.122992 2.724556
MLE 1000 3878.473640 2.739655 0.122555 86.635490 1.937220 0.086659 2.044924
MLE 1500 3878.354840 2.244562 0.100395 86.931500 1.587141 0.070990 1.509349
MLE 2000 3878.445553 1.940816 0.086807 86.795921 1.372362 0.061382 1.367297
MLE 2500 3878.433942 1.739492 0.077800 86.974586 1.230005 0.055013 1.178038
MLE 3000 3878.363835 1.587279 0.070991 86.938834 1.122375 0.050198 1.126042
MLE 3500 3878.421618 1.469275 0.065712 86.923460 1.038934 0.046466 1.018105
MLE 4000 3878.370650 1.373755 0.061440 86.883878 0.971391 0.043445 0.954830
MLE 4500 3878.393261 1.295296 0.057931 86.891120 0.915913 0.040963 0.924456
MLE 5000 3878.475347 1.229099 0.054970 86.910402 0.869104 0.038869 0.849302
MLE 5500 3878.382467 1.172594 0.052442 86.961922 0.829149 0.037082 0.778245
MLE 6000 3878.395400 1.121949 0.050177 86.905811 0.793338 0.035481 0.813235
MLE 6500 3878.402662 1.078644 0.048240 86.963027 0.762716 0.034111 0.756404
MLE 7000 3878.402704 1.038664 0.046452 86.900875 0.734447 0.032847 0.706206
MLE 7500 3878.442842 1.004719 0.044934 87.011192 0.710444 0.031773 0.689155
MLE 8000 3878.425942 0.970977 0.043425 86.846826 0.686584 0.030706 0.669734
MLE 8500 3878.350700 0.941479 0.042105 86.800044 0.665726 0.029773 0.621878
MLE 9000 3878.433124 0.914841 0.040914 86.789423 0.646890 0.028931 0.626553
MLE 9500 3878.363504 0.890820 0.039840 86.826391 0.629905 0.028171 0.614888
MLE 10000 3878.389758 0.869201 0.038873 86.920114 0.614618 0.027487 0.619874
MLE 10500 3878.399188 0.847933 0.037922 86.887244 0.599579 0.026815 0.593829
MLE 11000 3878.371641 0.828265 0.037042 86.869200 0.585672 0.026193 0.600177
MLE 11500 3878.379708 0.810105 0.036230 86.874100 0.572831 0.025618 0.575756
MLE 12000 3878.355524 0.793000 0.035465 86.868848 0.560736 0.025077 0.542100
MLE 12500 3878.420101 0.777377 0.034766 86.913381 0.549689 0.024583 0.551194
MLE 13000 3878.450022 0.762448 0.034098 86.932472 0.539132 0.024111 0.551865
MLE 13500 3878.478863 0.748537 0.033476 86.972167 0.529296 0.023671 0.510235
MLE 14000 3878.431684 0.734415 0.032845 86.897117 0.519310 0.023225 0.486554
MLE 14500 3878.470718 0.721545 0.032269 86.885511 0.510209 0.022818 0.487201
MLE 15000 3878.450436 0.709508 0.031731 86.896595 0.501698 0.022437 0.496238
