CSQ 50 3878.441824 9.627726 0.704775 47.672474 9.437341 0.599883 10.173983
CSQ 80 3877.955784 6.142654 0.280921 46.402916 5.702453 0.265915 6.126156
CSQ 110 3878.781780 4.910064 0.221491 45.719326 4.318840 0.196878 4.448516
CSQ 140 3878.425432 4.248998 0.191109 45.636157 3.581439 0.162364 3.932626
CSQ 170 3878.742411 3.759382 0.168780 45.237445 3.110660 0.140585 3.326389
CSQ 200 3878.325630 3.449632 0.154734 45.452979 2.781315 0.125422 2.882512
CSQ 230 3878.297209 3.192946 0.143167 45.427524 2.550966 0.115043 2.664615
CSQ 260 3878.389642 2.970543 0.133146 45.217396 2.355517 0.106141 2.626248
CSQ 290 3878.525878 2.805098 0.125681 45.415150 2.188216 0.098514 2.331307
CSQ 320 3878.217258 2.658607 0.119080 45.325441 2.070543 0.093123 2.160750
CSQ 350 3878.497874 2.535489 0.113560 45.397846 1.933915 0.086985 2.142307
CSQ 380 3878.536239 2.437165 0.109130 45.559136 1.866973 0.083919 2.008664
CSQ 410 3878.554629 2.334745 0.104533 45.559619 1.778061 0.079855 1.905751
CSQ 440 3878.396653 2.249257 0.100689 45.520420 1.714838 0.077026 1.799135
CSQ 470 3878.402344 2.180629 0.097618 45.657578 1.649484 0.074071 1.772399
CSQ 500 3878.428164 2.111680 0.094541 45.693427 1.602857 0.071996 1.811422
CSQ 1000 3878.427540 1.472394 0.065872 45.770469 1.073755 0.048112 1.157693
CSQ 1500 3878.484846 1.199839 0.053670 45.894951 0.866309 0.038805 0.963746
CSQ 2000 3878.406024 1.037137 0.046390 45.961378 0.746073 0.033406 0.849244
CSQ 2500 3878.470781 0.926937 0.041459 45.985742 0.664744 0.029762 0.680849
CSQ 3000 3878.446321 0.845537 0.037817 45.999579 0.603715 0.027022 0.635358
CSQ 3500 3878.413181 0.782846 0.035013 46.057507 0.559001 0.025021 0.576517
CSQ 4000 3878.390526 0.731817 0.032730 46.055791 0.520989 0.023316 0.535016
CSQ 4500 3878.382536 0.690699 0.030891 46.123326 0.490899 0.021969 0.499501
CSQ 5000 3878.418825 0.654469 0.029270 46.096060 0.465098 0.020813 0.469904
CSQ 5500 3878.406228 0.623490 0.027885 46.064575 0.442124 0.019785 0.478865
CSQ 6000 3878.464127 0.597038 0.026702 46.082033 0.423497 0.018951 0.432998
CSQ 6500 3878.395318 0.573432 0.025646 46.078373 0.406139 0.018174 0.411284
CSQ 7000 3878.359979 0.553072 0.024735 46.123423 0.391633 0.017524 0.424460
CSQ 7500 3878.430504 0.534005 0.023882 46.108904 0.378313 0.016927 0.404004
CSQ 8000 3878.408598 0.517130 0.023127 46.124995 0.367305 0.016433 0.369370
CSQ 8500 3878.413671 0.501370 0.022423 46.101547 0.355198 0.015892 0.358464
CSQ 9000 3878.411503 0.487585 0.021806 46.137638 0.345699 0.015467 0.364982
CSQ 9500 3878.378144 0.474676 0.021229 46.149908 0.333515 0.014921 0.352915
CSQ 10000 3878.396918 0.462740 0.020695 46.159868 0.324900 0.014536 0.368751
CSQ 10500 3878.379250 0.451410 0.020188 46.154536 0.317072 0.014186 0.347514
CSQ 11000 3878.371674 0.441107 0.019727 46.165291 0.310289 0.013881 0.332635
CSQ 11500 3878.359203 0.431346 0.019291 46.162623 0.302924 0.013552 0.315939
CSQ 12000 3878.396348 0.422343 0.018888 46.172490 0.296624 0.013270 0.303056
CSQ 12500 3878.369214 0.413820 0.018507 46.176914 0.290542 0.012998 0.322270
CSQ 13000 3878.378485 0.405813 0.018149 46.188738 0.285077 0.012753 0.317383
CSQ 13500 3878.440663 0.398325 0.017814 46.195009 0.281591 0.012597 0.279644
CSQ 14000 3878.447129 0.390968 0.017485 46.175200 0.276775 0.012381 0.290355
CSQ 14500 3878.436279 0.384247 0.017184 46.190741 0.272002 0.012167 0.272199
CSQ 15000 3878.441626 0.377846 0.016898 46.200401 0.267197 0.011952 0.272219
CSQ-WW 50 3878.532678 3.672510 0.167995 45.079743 3.705042 0.168400 7.612231
CSQ-WW 80 3878.473784 2.271621 0.103170 45.059059 2.294006 0.103624 6.054165
CSQ-WW 110 3878.805405 1.666262 0.075227 45.521322 1.682460 0.075746 4.788460
CSQ-WW 140 3878.512951 1.310585 0.059097 45.563957 1.325393 0.059617 4.413723
CSQ-WW 170 3878.667544 1.074109 0.048367 45.470872 1.085260 0.048747 4.076421
CSQ-WW 200 3878.069470 0.922132 0.041440 45.911660 0.925721 0.041547 3.396573
CSQ-WW 230 3878.601294 0.801240 0.035996 45.841724 0.806140 0.036163 3.293922
CSQ-WW 260 3878.253744 0.711413 0.031943 45.997138 0.714932 0.032064 3.098653
CSQ-WW 290 3878.261222 0.637969 0.028636 46.039641 0.640528 0.028718 2.966937
CSQ-WW 320 3878.542217 0.577542 0.025915 46.006819 0.579416 0.025973 2.794271
CSQ-WW 350 3878.698634 0.528469 0.023703 46.059078 0.530598 0.023775 2.666621
CSQ-WW 380 3878.414411 0.485727 0.021775 45.981053 0.488008 0.021859 2.441629
CSQ-WW 410 3878.500763 0.452689 0.020295 46.192509 0.453618 0.020321 2.429209
CSQ-WW 440 3878.473862 0.423143 0.018965 46.324697 0.422765 0.018936 2.287612
CSQ-WW 470 3878.637194 0.392042 0.017571 45.961356 0.393496 0.017628 2.250664
CSQ-WW 500 3878.432464 0.370088 0.016587 46.111706 0.370869 0.016610 2.271934
CSQ-WW 1000 3878.555374 0.185548 0.008306 46.245615 0.185524 0.008303 1.538111
CSQ-WW 1500 3878.402434 0.123356 0.005520 46.156746 0.123496 0.005526 1.257905
CSQ-WW 2000 3878.540718 0.092598 0.004143 46.187051 0.092748 0.004149 1.100354
CSQ-WW 2500 3878.562314 0.073988 0.003310 46.151943 0.074107 0.003315 0.931964
CSQ-WW 3000 3878.489118 0.061779 0.002764 46.221581 0.061845 0.002766 0.873178
CSQ-WW 3500 3878.494585 0.052963 0.002369 46.232568 0.052964 0.002369 0.790809
CSQ-WW 4000 3878.435015 0.046340 0.002073 46.234364 0.046348 0.002073 0.775307
CSQ-WW 4500 3878.478228 0.041170 0.001842 46.221028 0.041217 0.001844 0.757856
CSQ-WW 5000 3878.458244 0.037130 0.001661 46.292983 0.037145 0.001661 0.663320
CSQ-WW 5500 3878.489849 0.033746 0.001509 46.280994 0.033776 0.001511 0.680322
CSQ-WW 6000 3878.526255 0.030918 0.001383 46.263623 0.030951 0.001384 0.641370
CSQ-WW 6500 3878.487691 0.028519 0.001276 46.239609 0.028558 0.001277 0.620079
CSQ-WW 7000 3878.467829 0.026507 0.001186 46.275580 0.026531 0.001187 0.591035
CSQ-WW 7500 3878.504387 0.024742 0.001107 46.281525 0.024754 0.001107 0.564461
CSQ-WW 8000 3878.507857 0.023186 0.001037 46.263519 0.023208 0.001038 0.553862
CSQ-WW 8500 3878.514708 0.021808 0.000975 46.240624 0.021836 0.000977 0.520632
CSQ-WW 9000 3878.544997 0.020618 0.000922 46.276687 0.020634 0.000923 0.550479
CSQ-WW 9500 3878.518640 0.019524 0.000873 46.256343 0.019552 0.000874 0.512093
CSQ-WW 10000 3878.529009 0.018547 0.000830 46.254701 0.018575 0.000831 0.523661
CSQ-WW 10500 3878.525682 0.017636 0.000789 46.203807 0.017642 0.000789 0.496313
CSQ-WW 11000 3878.539545 0.016839 0.000753 46.211998 0.016848 0.000754 0.462125
CSQ-WW 11500 3878.547535 0.016092 0.000720 46.181627 0.016102 0.000720 0.451462
CSQ-WW 12000 3878.541327 0.015448 0.000691 46.240710 0.015450 0.000691 0.416293
CSQ-WW 12500 3878.529059 0.014832 0.000663 46.246547 0.014830 0.000663 0.403103
CSQ-WW 13000 3878.494825 0.014260 0.000638 46.243916 0.014256 0.000638 0.419761
CSQ-WW 13500 3878.518213 0.013736 0.000614 46.252638 0.013738 0.000614 0.393229
CSQ-WW 14000 3878.486803 0.013245 0.000592 46.253145 0.013257 0.000593 0.422043
CSQ-WW 14500 3878.509544 0.012788 0.000572 46.254599 0.012798 0.000572 0.420884
CSQ-WW 15000 3878.540188 0.012376 0.000554 46.290336 0.012390 0.000554 0.420378
MLE 50 3878.656781 6.434044 0.289199 45.495563 4.548751 0.204459 4.589275
MLE 80 3878.346512 5.087268 0.228274 45.501908 3.596847 0.161397 3.734204
MLE 110 3878.674595 4.377676 0.196221 45.913450 3.095248 0.138738 3.097336
MLE 140 3878.045283 3.891562 0.174369 46.045582 2.751587 0.123290 2.848744
MLE 170 3878.524940 3.540221 0.158554 46.158830 2.503193 0.112109 2.493550
MLE 200 3878.325283 3.253871 0.145693 46.016679 2.300741 0.103016 2.261191
MLE 230 3878.485139 3.040904 0.136161 46.117595 2.150167 0.096277 2.288214
MLE 260 3878.229847 2.851017 0.127622 45.971273 2.015911 0.090240 2.000098
MLE 290 3878.551199 2.705698 0.121103 46.076378 1.913164 0.085630 1.874759
MLE 320 3878.107304 2.587190 0.115797 46.281057 1.829375 0.081879 1.872007
MLE 350 3878.392119 2.463561 0.110246 46.089007 1.741961 0.077954 1.670974
MLE 380 3878.274102 2.372216 0.106159 46.243000 1.677375 0.075065 1.689370
MLE 410 3878.421192 2.275166 0.101815 46.068594 1.608754 0.071992 1.661046
MLE 440 3878.180615 2.202495 0.098558 46.199918 1.557371 0.069690 1.600836
MLE 470 3878.439280 2.131178 0.095360 46.202835 1.506945 0.067429 1.509468
MLE 500 3878.323160 2.065523 0.092420 46.186488 1.460523 0.065350 1.468881
MLE 1000 3878.485071 1.460531 0.065332 46.186056 1.032744 0.046196 0.977366
MLE 1500 3878.536647 1.193119 0.053367 46.209282 0.843658 0.037736 0.858426
MLE 2000 3878.311076 1.034214 0.046257 46.251443 0.731297 0.032709 0.715267
MLE 2500 3878.422609 0.925460 0.041392 46.273022 0.654397 0.029269 0.661343
MLE 3000 3878.436095 0.844248 0.037759 46.241354 0.596972 0.026699 0.565330
MLE 3500 3878.373305 0.782900 0.035015 46.316988 0.553593 0.024759 0.540704
MLE 4000 3878.470211 0.731220 0.032703 46.246395 0.517049 0.023124 0.473457
MLE 4500 3878.435129 0.690074 0.030863 46.291575 0.487955 0.021823 0.480837
MLE 5000 3878.382030 0.654371 0.029266 46.271038 0.462710 0.020694 0.454526
MLE 5500 3878.483609 0.623396 0.027880 46.232292 0.440807 0.019714 0.409087
MLE 6000 3878.366938 0.597464 0.026720 46.279368 0.422470 0.018894 0.402416
MLE 6500 3878.456067 0.573954 0.025669 46.273686 0.405847 0.018151 0.403260
MLE 7000 3878.440858 0.552761 0.024721 46.247343 0.390861 0.017480 0.367935
MLE 7500 3878.428679 0.534226 0.023892 46.265324 0.377754 0.016894 0.371727
MLE 8000 3878.447814 0.517058 0.023124 46.247033 0.365615 0.016351 0.357298
MLE 8500 3878.407490 0.501536 0.022430 46.239308 0.354639 0.015860 0.364635
MLE 9000 3878.442228 0.487540 0.021804 46.252112 0.344743 0.015418 0.333246
MLE 9500 3878.412485 0.474423 0.021217 46.241004 0.335467 0.015003 0.334272
MLE 10000 3878.440070 0.462694 0.020693 46.269354 0.327174 0.014632 0.303865
MLE 10500 3878.460005 0.451514 0.020193 46.266456 0.319269 0.014278 0.316487
MLE 11000 3878.368535 0.440856 0.019716 46.237341 0.311732 0.013941 0.306623
MLE 11500 3878.371007 0.431717 0.019307 46.296467 0.305270 0.013652 0.308776
MLE 12000 3878.418326 0.422648 0.018902 46.298759 0.298857 0.013366 0.277435
MLE 12500 3878.380733 0.413980 0.018514 46.284335 0.292728 0.013091 0.291058
MLE 13000 3878.432935 0.405788 0.018148 46.266904 0.286935 0.012832 0.281833
MLE 13500 3878.401347 0.398342 0.017815 46.283183 0.281670 0.012597 0.275608
MLE 14000 3878.408720 0.391164 0.017494 46.283156 0.276595 0.012370 0.274886
MLE 14500 3878.421925 0.384463 0.017194 46.295422 0.271856 0.012158 0.265134
MLE 15000 3878.378930 0.377712 0.016892 46.260140 0.267083 0.011945 0.266061
