CSQ 50 3879.318496 16.183335 0.826645 76.472023 19.204871 0.974072 18.322954
CSQ 80 3878.543567 9.655711 0.443067 68.494881 9.831492 0.460439 10.112125
CSQ 110 3878.189435 7.447549 0.336711 66.589943 7.069697 0.323685 7.273671
CSQ 140 3879.030581 6.396040 0.288610 65.911954 5.732938 0.261416 6.401153
CSQ 170 3878.514196 5.560880 0.249942 65.118116 4.823957 0.218406 5.218403
CSQ 200 3878.238317 5.094676 0.228749 65.386977 4.304634 0.194668 4.711938
CSQ 230 3878.396128 4.678471 0.209846 65.187980 3.905556 0.176097 4.149360
CSQ 260 3878.508438 4.359216 0.195484 65.209462 3.585430 0.161629 3.800438
CSQ 290 3878.858861 4.113281 0.184401 65.319555 3.359847 0.151487 3.739329
CSQ 320 3878.569880 3.870574 0.173460 65.108886 3.095962 0.139327 3.466904
CSQ 350 3878.600065 3.684515 0.165034 65.135625 2.907849 0.130694 3.269706
CSQ 380 3878.453895 3.544157 0.158750 65.477165 2.788829 0.125437 3.172525
CSQ 410 3878.597505 3.390658 0.151833 65.323319 2.635023 0.118388 2.995810
CSQ 440 3878.388490 3.262507 0.146088 65.351521 2.522266 0.113294 2.873886
CSQ 470 3878.446334 3.155801 0.141307 65.327836 2.432015 0.109244 2.721631
CSQ 500 3878.302599 3.041833 0.136155 65.290925 2.320159 0.104150 2.375820
CSQ 1000 3878.646711 2.125611 0.095098 65.677665 1.568179 0.070291 1.798206
CSQ 1500 3878.550816 1.726335 0.077225 65.764325 1.251520 0.056065 1.480969
CSQ 2000 3878.494627 1.492344 0.066750 65.886524 1.070046 0.047914 1.170058
CSQ 2500 3878.474989 1.335856 0.059749 66.076245 0.959257 0.042947 1.054259
CSQ 3000 3878.472776 1.217481 0.054453 66.088012 0.870109 0.038944 0.910027
CSQ 3500 3878.409972 1.125482 0.050337 66.068866 0.804025 0.035987 0.847051
CSQ 4000 3878.493889 1.052829 0.047087 66.123182 0.748075 0.033479 0.781098
CSQ 4500 3878.408548 0.992858 0.044405 66.202722 0.706836 0.031629 0.728162
CSQ 5000 3878.554158 0.942695 0.042161 66.290512 0.668776 0.029927 0.720828
CSQ 5500 3878.531484 0.897549 0.040142 66.227376 0.635483 0.028436 0.643381
CSQ 6000 3878.472749 0.859493 0.038439 66.252353 0.608610 0.027232 0.635287
CSQ 6500 3878.494263 0.826313 0.036955 66.308128 0.583928 0.026127 0.608064
CSQ 7000 3878.489421 0.795959 0.035598 66.319354 0.563490 0.025214 0.558587
CSQ 7500 3878.486392 0.768729 0.034380 66.315529 0.544123 0.024345 0.587054
CSQ 8000 3878.461476 0.744225 0.033284 66.312103 0.525430 0.023507 0.541196
CSQ 8500 3878.389495 0.721660 0.032275 66.290288 0.508246 0.022739 0.547351
CSQ 9000 3878.388196 0.701508 0.031373 66.326815 0.495233 0.022156 0.543816
CSQ 9500 3878.412032 0.682815 0.030537 66.332035 0.481602 0.021545 0.487564
CSQ 10000 3878.375721 0.665513 0.029764 66.334458 0.468419 0.020956 0.493738
CSQ 10500 3878.386342 0.649394 0.029043 66.341016 0.457899 0.020484 0.493555
CSQ 11000 3878.358112 0.634271 0.028366 66.321148 0.445064 0.019910 0.454505
CSQ 11500 3878.395058 0.620776 0.027763 66.383810 0.436563 0.019530 0.445586
CSQ 12000 3878.386263 0.607265 0.027158 66.336951 0.427112 0.019107 0.425766
CSQ 12500 3878.383627 0.595054 0.026612 66.349069 0.419140 0.018750 0.435889
CSQ 13000 3878.490066 0.583476 0.026094 66.358651 0.410486 0.018363 0.429043
CSQ 13500 3878.505928 0.572625 0.025609 66.376558 0.402383 0.018000 0.393195
CSQ 14000 3878.496958 0.562277 0.025146 66.381009 0.395724 0.017701 0.405482
CSQ 14500 3878.477645 0.552568 0.024712 66.391372 0.388520 0.017380 0.398054
CSQ 15000 3878.468660 0.543350 0.024300 66.402722 0.382189 0.017096 0.404411
CSQ-WW 50 3878.438170 6.227885 0.285950 63.684151 6.494251 0.298555 11.519527
CSQ-WW 80 3878.659191 3.914694 0.177718 64.711426 3.976105 0.179604 8.672535
CSQ-WW 110 3878.454002 2.902500 0.131080 65.840550 2.935680 0.132132 7.049372
CSQ-WW 140 3877.686524 2.272493 0.102440 65.864185 2.291805 0.103069 6.237811
CSQ-WW 170 3878.181408 1.880200 0.084558 66.098145 1.896684 0.085154 5.331376
CSQ-WW 200 3877.989826 1.593462 0.071642 66.054679 1.605789 0.072073 5.166476
CSQ-WW 230 3878.736520 1.383072 0.062131 65.985652 1.393214 0.062496 4.724048
CSQ-WW 260 3879.164714 1.222156 0.054891 65.994969 1.228983 0.055116 4.596474
CSQ-WW 290 3878.777552 1.102789 0.049469 66.358648 1.105358 0.049546 3.895518
CSQ-WW 320 3878.481626 0.996105 0.044695 66.187855 1.000662 0.044860 4.004440
CSQ-WW 350 3878.461835 0.912638 0.040933 66.286897 0.916762 0.041077 3.817704
CSQ-WW 380 3878.450960 0.838762 0.037606 66.245155 0.840464 0.037650 3.547375
CSQ-WW 410 3878.363101 0.780320 0.034984 66.395025 0.782018 0.035035 3.510005
CSQ-WW 440 3878.390017 0.727569 0.032612 66.444188 0.729014 0.032655 3.355683
CSQ-WW 470 3878.562832 0.681738 0.030564 66.480754 0.683338 0.030612 3.497380
CSQ-WW 500 3878.487189 0.637465 0.028568 66.260684 0.639502 0.028641 3.191725
CSQ-WW 1000 3878.346097 0.320944 0.014368 66.659466 0.320604 0.014348 2.274168
CSQ-WW 1500 3878.422536 0.212815 0.009525 66.395982 0.213253 0.009541 1.980707
CSQ-WW 2000 3878.437165 0.160071 0.007162 66.549148 0.160136 0.007164 1.577059
CSQ-WW 2500 3878.638670 0.128174 0.005734 66.589372 0.128299 0.005739 1.415740
CSQ-WW 3000 3878.513690 0.106479 0.004763 66.433778 0.106780 0.004777 1.256773
CSQ-WW 3500 3878.513969 0.091280 0.004083 66.446986 0.091495 0.004093 1.124717
CSQ-WW 4000 3878.554021 0.080141 0.003585 66.618313 0.080196 0.003587 1.146440
CSQ-WW 4500 3878.574861 0.071154 0.003183 66.556833 0.071275 0.003188 1.022333
CSQ-WW 5000 3878.601950 0.063968 0.002861 66.500245 0.064105 0.002867 1.032879
CSQ-WW 5500 3878.556257 0.058177 0.002602 66.532459 0.058266 0.002606 0.903470
CSQ-WW 6000 3878.630076 0.053340 0.002386 66.547163 0.053400 0.002388 0.893024
CSQ-WW 6500 3878.604330 0.049219 0.002201 66.531182 0.049282 0.002204 0.846184
CSQ-WW 7000 3878.626543 0.045697 0.002044 66.525049 0.045749 0.002046 0.819375
CSQ-WW 7500 3878.443026 0.042595 0.001905 66.451616 0.042689 0.001909 0.844284
CSQ-WW 8000 3878.545557 0.040004 0.001789 66.545007 0.040059 0.001792 0.785511
CSQ-WW 8500 3878.569053 0.037639 0.001683 66.534872 0.037676 0.001685 0.763956
CSQ-WW 9000 3878.577902 0.035569 0.001591 66.556724 0.035621 0.001593 0.750576
CSQ-WW 9500 3878.572067 0.033720 0.001508 66.592405 0.033749 0.001509 0.755027
CSQ-WW 10000 3878.484366 0.032010 0.001432 66.565925 0.032007 0.001431 0.696054
CSQ-WW 10500 3878.491073 0.030463 0.001362 66.530380 0.030469 0.001363 0.669189
CSQ-WW 11000 3878.569111 0.029079 0.001301 66.523282 0.029102 0.001302 0.618889
CSQ-WW 11500 3878.508341 0.027793 0.001243 66.488682 0.027815 0.001244 0.660975
CSQ-WW 12000 3878.448513 0.026673 0.001193 66.559364 0.026682 0.001193 0.622858
CSQ-WW 12500 3878.464800 0.025581 0.001144 66.513500 0.025588 0.001144 0.624591
CSQ-WW 13000 3878.512270 0.024631 0.001102 66.573802 0.024641 0.001102 0.601626
CSQ-WW 13500 3878.570423 0.023715 0.001061 66.569065 0.023731 0.001061 0.634518
CSQ-WW 14000 3878.628670 0.022849 0.001022 66.526656 0.022881 0.001023 0.624118
CSQ-WW 14500 3878.631495 0.022063 0.000987 66.530310 0.022099 0.000988 0.643255
CSQ-WW 15000 3878.594830 0.021335 0.000954 66.547978 0.021362 0.000955 0.603802
MLE 50 3878.658414 9.303570 0.418348 65.786176 6.577423 0.295763 6.896342
MLE 80 3877.642794 7.333979 0.329069 65.597103 5.185343 0.232662 5.336093
MLE 110 3878.651214 6.324404 0.283469 66.330911 4.471693 0.200427 4.438747
MLE 140 3878.617705 5.608429 0.251299 66.359822 3.965530 0.177685 4.119284
MLE 170 3878.157277 5.081954 0.227615 66.260574 3.593320 0.160941 3.644652
MLE 200 3878.372640 4.680481 0.209622 66.191990 3.309473 0.148219 3.570004
MLE 230 3878.243030 4.373495 0.195791 66.327337 3.092428 0.138441 3.017876
MLE 260 3878.217129 4.108078 0.183900 66.240768 2.904769 0.130034 2.945743
MLE 290 3878.434778 3.894235 0.174282 66.316430 2.753571 0.123233 2.527774
MLE 320 3878.204391 3.722575 0.166613 66.591447 2.632200 0.117810 2.672201
MLE 350 3878.204208 3.541675 0.158497 66.258681 2.504293 0.112072 2.447150
MLE 380 3878.377238 3.407823 0.152505 66.430690 2.409650 0.107835 2.437062
MLE 410 3878.633182 3.281341 0.146842 66.442098 2.320220 0.103831 2.397659
MLE 440 3878.345955 3.167529 0.141727 66.442644 2.239747 0.100215 2.100311
MLE 470 3878.298738 3.062818 0.137047 66.400311 2.165709 0.096905 2.173439
MLE 500 3878.426529 2.968594 0.132830 66.379780 2.099085 0.093924 2.163731
MLE 1000 3878.441144 2.103971 0.094115 66.533417 1.487724 0.066549 1.456102
MLE 1500 3878.346022 1.719452 0.076909 66.594090 1.215832 0.054383 1.232414
MLE 2000 3878.440450 1.487038 0.066510 66.502362 1.051492 0.047030 1.030032
MLE 2500 3878.378600 1.330194 0.059493 66.509687 0.940587 0.042068 0.863913
MLE 3000 3878.330114 1.214209 0.054305 66.504974 0.858574 0.038400 0.830695
MLE 3500 3878.418644 1.125185 0.050323 66.566836 0.795625 0.035584 0.773581
MLE 4000 3878.386051 1.051810 0.047041 66.522335 0.743742 0.033263 0.723755
MLE 4500 3878.450252 0.992178 0.044374 66.557306 0.701575 0.031377 0.713257
MLE 5000 3878.555658 0.941142 0.042091 66.548792 0.665488 0.029763 0.658782
MLE 5500 3878.558066 0.898306 0.040175 66.620186 0.635198 0.028408 0.658506
MLE 6000 3878.488174 0.858806 0.038409 66.522837 0.607267 0.027159 0.596667
MLE 6500 3878.511790 0.825511 0.036919 66.554845 0.583724 0.026106 0.592550
MLE 7000 3878.468689 0.795778 0.035589 66.579568 0.562700 0.025166 0.536519
MLE 7500 3878.484141 0.768467 0.034368 66.551158 0.543388 0.024302 0.497448
MLE 8000 3878.515593 0.744288 0.033287 66.571163 0.526291 0.023537 0.526360
MLE 8500 3878.469275 0.721545 0.032269 66.523124 0.510209 0.022818 0.521672
MLE 9000 3878.506024 0.702143 0.031402 66.611112 0.496490 0.022204 0.497385
MLE 9500 3878.585535 0.683023 0.030546 66.572839 0.482970 0.021600 0.473439
MLE 10000 3878.509330 0.665595 0.029767 66.559473 0.470646 0.021048 0.446972
MLE 10500 3878.407835 0.649239 0.029035 66.527174 0.459081 0.020531 0.445291
MLE 11000 3878.394370 0.634648 0.028383 66.562418 0.448764 0.020070 0.441418
MLE 11500 3878.449504 0.620578 0.027754 66.549567 0.438815 0.019625 0.432242
MLE 12000 3878.410141 0.607605 0.027173 66.559759 0.429641 0.019215 0.423239
MLE 12500 3878.370442 0.595593 0.026636 66.589314 0.421148 0.018835 0.417235
MLE 13000 3878.400894 0.583791 0.026108 66.562443 0.412803 0.018461 0.410105
MLE 13500 3878.400897 0.572943 0.025623 66.569975 0.405132 0.018118 0.389442
MLE 14000 3878.451761 0.562652 0.025163 66.573862 0.397855 0.017793 0.367553
MLE 14500 3878.494709 0.552928 0.024728 66.581388 0.390979 0.017485 0.364264
MLE 15000 3878.528784 0.543463 0.024305 66.560302 0.384286 0.017186 0.377687
