CSQ 50 3839.593468 68.937160 9.961878 102.310952 67.866462 4.150874 57.109081
CSQ 80 3875.613979 20.558602 5.672925 71.173801 22.847854 1.409635 22.267533
CSQ 110 3878.310758 8.728842 0.404173 58.986691 11.736272 0.548915 9.180560
CSQ 140 3878.494990 6.292424 0.288470 53.129071 7.678921 0.355607 7.301680
CSQ 170 3878.067540 5.064564 0.230556 49.949051 5.859764 0.269147 6.147903
CSQ 200 3878.910909 4.294919 0.194534 48.151601 4.627324 0.210922 5.192139
CSQ 230 3878.066813 3.764795 0.169757 46.838709 3.897579 0.177090 4.084433
CSQ 260 3878.428139 3.402312 0.152978 46.118755 3.391881 0.153257 3.493424
CSQ 290 3878.232738 3.112582 0.139792 45.518097 2.993842 0.134947 3.341555
CSQ 320 3878.424672 2.921183 0.131166 45.306108 2.761141 0.124465 3.108437
CSQ 350 3878.538268 2.765549 0.124106 45.395381 2.546475 0.114667 2.946368
CSQ 380 3878.221154 2.592959 0.116269 44.889240 2.345353 0.105487 2.667207
CSQ 410 3878.316481 2.484240 0.111365 44.960631 2.215221 0.099591 2.601679
CSQ 440 3878.501699 2.374360 0.106413 44.862342 2.077940 0.093358 2.413810
CSQ 470 3878.361159 2.278278 0.102080 44.749618 1.980216 0.088932 2.289995
CSQ 500 3878.464201 2.191255 0.098161 44.688743 1.879033 0.084345 2.242077
CSQ 1000 3878.409015 1.490551 0.066696 44.858512 1.170275 0.052435 1.350826
CSQ 1500 3878.368824 1.199244 0.053648 44.870029 0.910865 0.040788 1.015924
CSQ 2000 3878.464497 1.036030 0.046341 45.073141 0.770993 0.034512 0.834898
CSQ 2500 3878.387189 0.923016 0.041285 45.124456 0.678085 0.030352 0.778134
CSQ 3000 3878.521380 0.842392 0.037677 45.268972 0.616332 0.027584 0.651612
CSQ 3500 3878.389092 0.778405 0.034815 45.291122 0.566840 0.025369 0.631827
CSQ 4000 3878.454307 0.728824 0.032597 45.415710 0.528600 0.023654 0.563252
CSQ 4500 3878.360936 0.684915 0.030633 45.337973 0.494413 0.022124 0.542947
CSQ 5000 3878.408597 0.649746 0.029060 45.384430 0.467831 0.020935 0.511431
CSQ 5500 3878.390156 0.619245 0.027695 45.417411 0.444831 0.019904 0.494483
CSQ 6000 3878.417988 0.593158 0.026528 45.463309 0.426233 0.019071 0.454512
CSQ 6500 3878.410978 0.569624 0.025476 45.475475 0.407251 0.018221 0.431773
CSQ 7000 3878.437911 0.549050 0.024555 45.511679 0.392760 0.017572 0.435943
CSQ 7500 3878.422399 0.529878 0.023698 45.501481 0.378590 0.016937 0.411890
CSQ 8000 3878.411121 0.513123 0.022948 45.521960 0.366267 0.016386 0.398123
CSQ 8500 3878.350992 0.497309 0.022241 45.499493 0.353686 0.015823 0.376053
CSQ 9000 3878.406702 0.483601 0.021628 45.541649 0.344153 0.015396 0.382184
CSQ 9500 3878.402471 0.470708 0.021051 45.559013 0.334775 0.014977 0.384449
CSQ 10000 3878.427235 0.458683 0.020514 45.557101 0.325313 0.014553 0.356642
CSQ 10500 3878.395214 0.447765 0.020025 45.589345 0.317460 0.014202 0.354873
CSQ 11000 3878.421849 0.437331 0.019559 45.583085 0.310332 0.013883 0.331633
CSQ 11500 3878.429958 0.427750 0.019130 45.599712 0.303509 0.013577 0.330389
CSQ 12000 3878.383515 0.418789 0.018729 45.614497 0.297645 0.013315 0.335236
CSQ 12500 3878.407872 0.410212 0.018346 45.608874 0.290634 0.013001 0.317206
CSQ 13000 3878.456016 0.402490 0.018000 45.649737 0.284665 0.012734 0.314084
CSQ 13500 3878.410623 0.395027 0.017666 45.666034 0.279991 0.012524 0.288522
CSQ 14000 3878.406651 0.387702 0.017339 45.641624 0.274825 0.012293 0.292613
CSQ 14500 3878.434273 0.381133 0.017045 45.674940 0.269640 0.012061 0.261374
CSQ 15000 3878.417346 0.374536 0.016750 45.654917 0.264938 0.011851 0.284495
CSQ-WW 50 3878.277576 7.012565 0.320803 43.436569 7.285526 0.331320 7.469773
CSQ-WW 80 3878.673951 4.494897 0.203979 44.695460 4.589523 0.207299 5.894893
CSQ-WW 110 3878.544435 3.272790 0.147772 44.947358 3.319678 0.149537 4.709693
CSQ-WW 140 3878.177324 2.588633 0.116593 45.194700 2.614832 0.117522 4.100460
CSQ-WW 170 3878.273693 2.137268 0.096140 45.322718 2.164109 0.097203 3.699285
CSQ-WW 200 3878.264963 1.836693 0.082580 45.715192 1.853105 0.083171 3.595120
CSQ-WW 230 3878.269600 1.588510 0.071379 45.625853 1.593540 0.071515 3.318988
CSQ-WW 260 3878.162720 1.402099 0.062973 45.535074 1.415441 0.063480 3.183681
CSQ-WW 290 3878.581252 1.255879 0.056384 45.492792 1.269478 0.056917 3.023532
CSQ-WW 320 3878.368151 1.133640 0.050881 45.420289 1.139669 0.051089 2.889949
CSQ-WW 350 3878.501291 1.040343 0.046675 45.542360 1.048047 0.046968 2.753448
CSQ-WW 380 3878.212647 0.963975 0.043225 45.773975 0.967133 0.043335 2.507954
CSQ-WW 410 3878.536789 0.891086 0.039964 45.662231 0.895511 0.040116 2.590911
CSQ-WW 440 3878.305965 0.832316 0.037313 45.764154 0.836419 0.037469 2.387448
CSQ-WW 470 3878.542991 0.775851 0.034775 45.635582 0.778866 0.034884 2.290731
CSQ-WW 500 3878.530062 0.731187 0.032772 45.731323 0.733018 0.032830 2.258075
CSQ-WW 1000 3878.618359 0.365798 0.016378 45.768998 0.367351 0.016441 1.651433
CSQ-WW 1500 3878.561714 0.243655 0.010904 45.755053 0.244724 0.010950 1.261437
CSQ-WW 2000 3878.457389 0.182940 0.008186 45.802470 0.183530 0.008211 1.170418
CSQ-WW 2500 3878.468826 0.146099 0.006537 45.748180 0.146635 0.006560 1.001573
CSQ-WW 3000 3878.531359 0.121598 0.005440 45.719256 0.121971 0.005456 0.874043
CSQ-WW 3500 3878.552599 0.104648 0.004681 45.844536 0.104966 0.004695 0.790921
CSQ-WW 4000 3878.506081 0.091436 0.004090 45.805038 0.091706 0.004102 0.717927
CSQ-WW 4500 3878.539904 0.081411 0.003642 45.854379 0.081669 0.003653 0.722055
CSQ-WW 5000 3878.571126 0.073200 0.003274 45.832443 0.073358 0.003281 0.686257
CSQ-WW 5500 3878.547926 0.066477 0.002974 45.797306 0.066676 0.002982 0.678175
CSQ-WW 6000 3878.455492 0.060891 0.002724 45.772791 0.061058 0.002731 0.641256
CSQ-WW 6500 3878.454831 0.056364 0.002521 45.870485 0.056436 0.002524 0.608106
CSQ-WW 7000 3878.410623 0.052443 0.002346 45.939477 0.052473 0.002347 0.562542
CSQ-WW 7500 3878.438770 0.048877 0.002186 45.890552 0.048932 0.002188 0.536849
CSQ-WW 8000 3878.491424 0.045814 0.002049 45.885837 0.045851 0.002051 0.562708
CSQ-WW 8500 3878.498860 0.043138 0.001929 45.900049 0.043177 0.001931 0.519149
CSQ-WW 9000 3878.497376 0.040728 0.001822 45.884304 0.040792 0.001824 0.510872
CSQ-WW 9500 3878.407674 0.038611 0.001727 45.912162 0.038640 0.001728 0.526014
CSQ-WW 10000 3878.430944 0.036649 0.001639 45.880914 0.036703 0.001642 0.492961
CSQ-WW 10500 3878.465247 0.034870 0.001560 45.846364 0.034939 0.001563 0.464377
CSQ-WW 11000 3878.556026 0.033269 0.001488 45.830934 0.033342 0.001491 0.449482
CSQ-WW 11500 3878.518237 0.031840 0.001424 45.846979 0.031916 0.001427 0.415773
CSQ-WW 12000 3878.542826 0.030484 0.001363 45.815931 0.030565 0.001367 0.440588
CSQ-WW 12500 3878.526868 0.029303 0.001311 45.860556 0.029362 0.001313 0.424390
CSQ-WW 13000 3878.573543 0.028164 0.001260 45.844961 0.028231 0.001263 0.427337
CSQ-WW 13500 3878.538688 0.027113 0.001213 45.833092 0.027191 0.001216 0.416784
CSQ-WW 14000 3878.481738 0.026179 0.001171 45.885245 0.026217 0.001173 0.418758
CSQ-WW 14500 3878.481858 0.025297 0.001131 45.913862 0.025316 0.001132 0.397488
CSQ-WW 15000 3878.487147 0.024454 0.001094 45.912569 0.024482 0.001095 0.386317
MLE 50 3877.971536 6.450583 0.289937 45.612509 4.560459 0.204981 4.591460
MLE 80 3878.439006 5.090566 0.228412 45.531403 3.599146 0.161493 3.712195
MLE 110 3878.578100 4.336687 0.194424 45.483551 3.066212 0.137465 3.206347
MLE 140 3878.457176 3.875898 0.173652 45.860246 2.740466 0.122781 2.773761
MLE 170 3878.546313 3.505685 0.157018 45.708541 2.478752 0.111022 2.522719
MLE 200 3878.550585 3.235271 0.144867 45.753634 2.287578 0.102432 2.288743
MLE 230 3878.216405 3.004327 0.134500 45.562870 2.124299 0.095102 2.098652
MLE 260 3878.207786 2.844811 0.127335 45.871201 2.011521 0.090037 1.921925
MLE 290 3878.454803 2.686159 0.120228 45.743635 1.899350 0.085012 1.864869
MLE 320 3878.669283 2.557085 0.114444 45.742530 1.808089 0.080922 1.792600
MLE 350 3878.399992 2.447895 0.109555 45.795925 1.730886 0.077465 1.770780
MLE 380 3878.548541 2.353996 0.105340 45.887825 1.664495 0.074485 1.624564
MLE 410 3878.472646 2.266585 0.101427 45.894851 1.602691 0.071719 1.608332
MLE 440 3878.542865 2.185037 0.097779 45.833722 1.545031 0.069139 1.625787
MLE 470 3878.387380 2.113151 0.094556 45.812031 1.494203 0.066860 1.531919
MLE 500 3878.403401 2.048389 0.091657 45.803374 1.448412 0.064810 1.511701
MLE 1000 3878.389694 1.449632 0.064845 45.841390 1.025042 0.045852 1.006522
MLE 1500 3878.430135 1.184290 0.052972 45.867364 0.837420 0.037457 0.833234
MLE 2000 3878.356305 1.025288 0.045858 45.852283 0.724989 0.032427 0.734940
MLE 2500 3878.448892 0.918059 0.041061 45.902960 0.649167 0.029035 0.657600
MLE 3000 3878.422351 0.837997 0.037479 45.899011 0.592555 0.026502 0.590779
MLE 3500 3878.365796 0.774977 0.034660 45.848268 0.547993 0.024509 0.536895
MLE 4000 3878.382685 0.726134 0.032476 45.924760 0.513455 0.022964 0.508775
MLE 4500 3878.410271 0.684409 0.030609 45.911573 0.483951 0.021644 0.454186
MLE 5000 3878.425653 0.649451 0.029046 45.923113 0.459232 0.020539 0.465292
MLE 5500 3878.301105 0.619136 0.027690 45.916329 0.437796 0.019580 0.456735
MLE 6000 3878.389614 0.592725 0.026509 45.912264 0.419121 0.018744 0.434839
MLE 6500 3878.377005 0.569569 0.025473 45.920115 0.402747 0.018012 0.372531
MLE 7000 3878.397254 0.548451 0.024528 45.886716 0.387814 0.017344 0.361359
MLE 7500 3878.360373 0.530124 0.023709 45.910099 0.374855 0.016765 0.385144
MLE 8000 3878.436787 0.513164 0.022950 45.898801 0.362863 0.016228 0.345318
MLE 8500 3878.427637 0.497950 0.022270 45.908679 0.352104 0.015747 0.349597
MLE 9000 3878.449735 0.483956 0.021644 45.912082 0.342209 0.015304 0.317112
MLE 9500 3878.410593 0.471288 0.021077 45.935446 0.333251 0.014904 0.315973
MLE 10000 3878.427396 0.459075 0.020531 45.907502 0.324616 0.014518 0.322566
MLE 10500 3878.409626 0.447915 0.020032 45.897609 0.316724 0.014165 0.301604
MLE 11000 3878.439204 0.437579 0.019570 45.893714 0.309416 0.013838 0.294310
MLE 11500 3878.423929 0.428281 0.019154 45.928052 0.302841 0.013544 0.285815
MLE 12000 3878.401725 0.418846 0.018732 45.882314 0.296170 0.013245 0.297461
MLE 12500 3878.399392 0.410627 0.018364 45.909469 0.290357 0.012985 0.288647
MLE 13000 3878.404659 0.402440 0.017998 45.885202 0.284568 0.012727 0.277512
MLE 13500 3878.393959 0.395166 0.017673 45.914129 0.279425 0.012497 0.291360
MLE 14000 3878.384747 0.388258 0.017364 45.939311 0.274540 0.012278 0.267825
MLE 14500 3878.391014 0.381238 0.017050 45.907151 0.269577 0.012056 0.265229
MLE 15000 3878.453092 0.375088 0.016775 45.938705 0.265228 0.011862 0.249945
