CSQ 50 3878.441239 4.554109 0.215785 26.597355 4.129169 0.197368 4.125227
CSQ 80 3878.438332 3.255255 0.148786 26.041887 2.781654 0.128704 2.912232
CSQ 110 3878.143995 2.679579 0.120619 25.905344 2.208760 0.100221 2.353946
CSQ 140 3878.363660 2.333906 0.104853 25.845442 1.868204 0.084523 1.886285
CSQ 170 3878.437498 2.115499 0.095145 26.010063 1.661129 0.075278 1.827952
CSQ 200 3878.417555 1.923722 0.086259 25.910402 1.495154 0.067492 1.469366
CSQ 230 3878.542643 1.774527 0.079523 25.853337 1.351335 0.060902 1.353340
CSQ 260 3878.399283 1.672549 0.074930 25.942059 1.256856 0.056593 1.246954
CSQ 290 3878.488657 1.572929 0.070468 25.874185 1.171068 0.052750 1.265204
CSQ 320 3878.351857 1.493806 0.066896 25.872881 1.107554 0.049868 1.148647
CSQ 350 3878.384032 1.425648 0.063829 25.897632 1.051517 0.047333 1.027697
CSQ 380 3878.307953 1.368233 0.061263 25.915336 0.997378 0.044912 1.095852
CSQ 410 3878.316736 1.311580 0.058710 25.866553 0.960265 0.043177 0.983754
CSQ 440 3878.496076 1.264606 0.056611 25.840714 0.916988 0.041216 1.014876
CSQ 470 3878.440367 1.225615 0.054857 25.939899 0.888364 0.039944 0.962438
CSQ 500 3878.376276 1.184570 0.053018 25.885523 0.861561 0.038720 0.957174
CSQ 1000 3878.342108 0.834886 0.037349 26.051419 0.605253 0.027136 0.662878
CSQ 1500 3878.377832 0.678125 0.030333 26.038549 0.488909 0.021893 0.510275
CSQ 2000 3878.361705 0.587553 0.026280 26.105155 0.419962 0.018801 0.457520
CSQ 2500 3878.405289 0.524632 0.023465 26.099756 0.373490 0.016717 0.352285
CSQ 3000 3878.422606 0.478296 0.021392 26.074710 0.338609 0.015156 0.327164
CSQ 3500 3878.385764 0.443358 0.019829 26.127052 0.313280 0.014020 0.326521
CSQ 4000 3878.402652 0.414135 0.018522 26.105379 0.290527 0.013003 0.292292
CSQ 4500 3878.405421 0.390416 0.017461 26.110439 0.273721 0.012251 0.272778
CSQ 5000 3878.354143 0.370154 0.016555 26.095188 0.259018 0.011592 0.270532
CSQ 5500 3878.394482 0.352939 0.015785 26.107733 0.247493 0.011076 0.256282
CSQ 6000 3878.375710 0.337985 0.015116 26.114752 0.236773 0.010596 0.241925
CSQ 6500 3878.360292 0.324785 0.014525 26.124983 0.228159 0.010210 0.233321
CSQ 7000 3878.373754 0.313023 0.013999 26.130947 0.219626 0.009828 0.222822
CSQ 7500 3878.378041 0.302147 0.013513 26.111478 0.211966 0.009485 0.210513
CSQ 8000 3878.393354 0.292804 0.013095 26.138047 0.205555 0.009198 0.216854
CSQ 8500 3878.366810 0.283984 0.012701 26.134420 0.199131 0.008910 0.212471
CSQ 9000 3878.374817 0.275755 0.012332 26.109613 0.193298 0.008649 0.198690
CSQ 9500 3878.355293 0.268334 0.012001 26.100919 0.187393 0.008385 0.206827
CSQ 10000 3878.345984 0.261471 0.011694 26.097798 0.183229 0.008199 0.197617
CSQ 10500 3878.358783 0.255351 0.011420 26.117940 0.178377 0.007981 0.206981
CSQ 11000 3878.361137 0.249418 0.011155 26.111320 0.174464 0.007806 0.192580
CSQ 11500 3878.365210 0.243932 0.010909 26.113613 0.171287 0.007663 0.169910
CSQ 12000 3878.372744 0.238779 0.010679 26.115269 0.167833 0.007509 0.180026
CSQ 12500 3878.380647 0.233957 0.010463 26.114459 0.164082 0.007341 0.179545
CSQ 13000 3878.375646 0.229530 0.010265 26.132035 0.161600 0.007229 0.168683
CSQ 13500 3878.400401 0.225458 0.010083 26.163219 0.159336 0.007128 0.156301
CSQ 14000 3878.406951 0.221435 0.009903 26.167471 0.156275 0.006990 0.154988
CSQ 14500 3878.408586 0.217546 0.009729 26.164353 0.153438 0.006864 0.140974
CSQ 15000 3878.401745 0.213760 0.009560 26.152296 0.151045 0.006756 0.153479
CSQ-WW 50 3877.961630 1.513997 0.069211 24.884440 1.552450 0.070615 4.152166
CSQ-WW 80 3878.673569 0.979622 0.044419 25.705290 0.995516 0.044961 3.319985
CSQ-WW 110 3878.495916 0.706556 0.031925 25.622823 0.717067 0.032296 2.842181
CSQ-WW 140 3878.410432 0.563653 0.025390 26.012424 0.565350 0.025417 2.337069
CSQ-WW 170 3878.513330 0.462231 0.020793 25.959605 0.463546 0.020807 2.147997
CSQ-WW 200 3878.401726 0.393951 0.017713 26.019944 0.395568 0.017752 2.042673
CSQ-WW 230 3878.103271 0.343807 0.015450 26.115322 0.344354 0.015453 1.903356
CSQ-WW 260 3878.474981 0.304326 0.013664 26.144773 0.304849 0.013670 1.748818
CSQ-WW 290 3878.489375 0.270230 0.012128 25.959276 0.271454 0.012168 1.639666
CSQ-WW 320 3878.539186 0.246714 0.011070 26.108288 0.247202 0.011080 1.610109
CSQ-WW 350 3878.484282 0.225482 0.010112 26.115771 0.225677 0.010114 1.462290
CSQ-WW 380 3878.418437 0.207501 0.009303 26.092511 0.207990 0.009318 1.379723
CSQ-WW 410 3878.403002 0.192646 0.008639 26.123655 0.193220 0.008657 1.445030
CSQ-WW 440 3878.424728 0.178688 0.008010 26.053642 0.179079 0.008021 1.327424
CSQ-WW 470 3878.370883 0.168617 0.007556 26.216407 0.168501 0.007546 1.229118
CSQ-WW 500 3878.396734 0.157945 0.007078 26.154415 0.157691 0.007061 1.244906
CSQ-WW 1000 3878.442862 0.079144 0.003543 26.209542 0.079090 0.003540 0.906372
CSQ-WW 1500 3878.482817 0.052787 0.002362 26.221954 0.052785 0.002362 0.723130
CSQ-WW 2000 3878.394561 0.039602 0.001772 26.233245 0.039554 0.001770 0.633145
CSQ-WW 2500 3878.444236 0.031584 0.001413 26.171913 0.031610 0.001414 0.576326
CSQ-WW 3000 3878.417441 0.026317 0.001177 26.177613 0.026308 0.001177 0.503300
CSQ-WW 3500 3878.490795 0.022598 0.001011 26.216707 0.022570 0.001010 0.480877
CSQ-WW 4000 3878.414030 0.019709 0.000882 26.151430 0.019719 0.000882 0.427591
CSQ-WW 4500 3878.447269 0.017525 0.000784 26.152514 0.017551 0.000785 0.396477
CSQ-WW 5000 3878.400695 0.015782 0.000706 26.162268 0.015806 0.000707 0.392283
CSQ-WW 5500 3878.430521 0.014345 0.000642 26.166750 0.014348 0.000642 0.344550
CSQ-WW 6000 3878.399392 0.013142 0.000588 26.154269 0.013153 0.000588 0.347761
CSQ-WW 6500 3878.427119 0.012135 0.000543 26.161699 0.012141 0.000543 0.326920
CSQ-WW 7000 3878.441822 0.011279 0.000504 26.179812 0.011287 0.000505 0.315896
CSQ-WW 7500 3878.461105 0.010523 0.000471 26.172799 0.010525 0.000471 0.324112
CSQ-WW 8000 3878.430999 0.009870 0.000441 26.179246 0.009880 0.000442 0.292886
CSQ-WW 8500 3878.433176 0.009284 0.000415 26.172546 0.009287 0.000415 0.292830
CSQ-WW 9000 3878.426121 0.008775 0.000392 26.182396 0.008783 0.000393 0.291795
CSQ-WW 9500 3878.449637 0.008296 0.000371 26.146514 0.008304 0.000371 0.283809
CSQ-WW 10000 3878.425372 0.007897 0.000353 26.181022 0.007902 0.000353 0.277999
CSQ-WW 10500 3878.475503 0.007516 0.000336 26.169799 0.007522 0.000336 0.257480
CSQ-WW 11000 3878.445171 0.007183 0.000321 26.193615 0.007184 0.000321 0.256077
CSQ-WW 11500 3878.451025 0.006873 0.000307 26.201054 0.006872 0.000307 0.247262
CSQ-WW 12000 3878.454166 0.006586 0.000295 26.198007 0.006586 0.000295 0.267298
CSQ-WW 12500 3878.446209 0.006320 0.000283 26.188483 0.006322 0.000283 0.231584
CSQ-WW 13000 3878.442758 0.006082 0.000272 26.206359 0.006081 0.000272 0.228695
CSQ-WW 13500 3878.450976 0.005862 0.000262 26.222738 0.005861 0.000262 0.233463
CSQ-WW 14000 3878.418136 0.005640 0.000252 26.183078 0.005640 0.000252 0.234044
CSQ-WW 14500 3878.405645 0.005447 0.000244 26.189144 0.005449 0.000244 0.226676
CSQ-WW 15000 3878.421798 0.005266 0.000235 26.189381 0.005266 0.000236 0.208090
MLE 50 3878.334264 3.649674 0.164055 25.807092 2.580241 0.115984 2.616769
MLE 80 3878.570028 2.900805 0.130145 25.945588 2.050943 0.092016 2.081742
MLE 110 3878.405151 2.472250 0.110825 25.929178 1.748002 0.078359 1.789072
MLE 140 3878.399001 2.205912 0.098835 26.100698 1.559713 0.069882 1.592679
MLE 170 3878.334745 2.000956 0.089625 26.089271 1.414813 0.063371 1.456953
MLE 200 3878.232815 1.846252 0.082667 26.109943 1.305438 0.058452 1.288339
MLE 230 3878.333555 1.720822 0.077047 26.097554 1.216756 0.054478 1.259532
MLE 260 3878.401782 1.620917 0.072562 26.136495 1.146120 0.051307 1.166169
MLE 290 3878.285275 1.533953 0.068655 26.122277 1.084634 0.048545 1.039152
MLE 320 3878.335923 1.458340 0.065267 26.087582 1.031172 0.046150 1.004705
MLE 350 3878.278626 1.392681 0.062328 26.054683 0.984748 0.044071 0.995696
MLE 380 3878.351776 1.341156 0.060019 26.143944 0.948318 0.042439 0.962335
MLE 410 3878.353382 1.289222 0.057691 26.104765 0.911597 0.040793 0.914749
MLE 440 3878.368131 1.245076 0.055711 26.116926 0.880383 0.039393 0.855132
MLE 470 3878.412613 1.205316 0.053933 26.130628 0.852271 0.038136 0.863800
MLE 500 3878.294746 1.167505 0.052236 26.106202 0.825535 0.036935 0.778785
MLE 1000 3878.404442 0.827682 0.037025 26.173590 0.585255 0.026180 0.598806
MLE 1500 3878.381349 0.675006 0.030193 26.142855 0.477299 0.021349 0.493190
MLE 2000 3878.410811 0.585496 0.026187 26.184193 0.414007 0.018517 0.405570
MLE 2500 3878.391746 0.523193 0.023400 26.159652 0.369952 0.016546 0.362951
MLE 3000 3878.365604 0.478057 0.021381 26.184281 0.338037 0.015119 0.330083
MLE 3500 3878.383266 0.442172 0.019776 26.159219 0.312662 0.013984 0.318617
MLE 4000 3878.409331 0.413666 0.018501 26.162516 0.292505 0.013082 0.280629
MLE 4500 3878.357099 0.390043 0.017444 26.164890 0.275802 0.012335 0.272231
MLE 5000 3878.374273 0.369856 0.016541 26.152733 0.261527 0.011696 0.256271
MLE 5500 3878.387812 0.352931 0.015784 26.174029 0.249559 0.011161 0.241008
MLE 6000 3878.414404 0.337901 0.015112 26.173680 0.238932 0.010686 0.251950
MLE 6500 3878.378211 0.324733 0.014523 26.180783 0.229620 0.010269 0.215964
MLE 7000 3878.374827 0.312943 0.013996 26.182714 0.221284 0.009896 0.212911
MLE 7500 3878.400439 0.302367 0.013523 26.185725 0.213805 0.009562 0.204958
MLE 8000 3878.413766 0.292721 0.013091 26.181733 0.206985 0.009257 0.201559
MLE 8500 3878.391001 0.283929 0.012698 26.176966 0.200768 0.008979 0.194612
MLE 9000 3878.388775 0.275856 0.012337 26.170002 0.195060 0.008724 0.186402
MLE 9500 3878.385085 0.268684 0.012016 26.188104 0.189988 0.008497 0.188135
MLE 10000 3878.384814 0.261713 0.011704 26.171341 0.185059 0.008276 0.183669
MLE 10500 3878.369109 0.255554 0.011429 26.186542 0.180704 0.008082 0.172011
MLE 11000 3878.361691 0.249628 0.011164 26.181186 0.176513 0.007894 0.181770
MLE 11500 3878.376353 0.244040 0.010914 26.170368 0.172562 0.007717 0.170855
MLE 12000 3878.372089 0.238916 0.010685 26.171985 0.168939 0.007555 0.171955
MLE 12500 3878.373643 0.234189 0.010473 26.183083 0.165596 0.007406 0.152450
MLE 13000 3878.380315 0.229514 0.010264 26.168662 0.162291 0.007258 0.162820
MLE 13500 3878.396442 0.225202 0.010072 26.166064 0.159242 0.007122 0.161439
MLE 14000 3878.362635 0.221115 0.009889 26.162689 0.156352 0.006992 0.147056
MLE 14500 3878.397864 0.217420 0.009723 26.180852 0.153739 0.006876 0.148332
MLE 15000 3878.394840 0.213689 0.009557 26.171471 0.151101 0.006758 0.155525
