CSQ 50 3859.769454 389.336233 33.397091 401.573761 452.841081 22.942548 189.942519
CSQ 80 3878.656642 108.462163 8.978444 283.735869 197.381948 10.698510 78.535730
CSQ 110 3879.579521 54.148071 2.656232 229.476843 97.855387 4.976975 40.385592
CSQ 140 3877.939855 36.097041 1.681318 201.590985 60.013626 2.833020 29.703891
CSQ 170 3879.053274 25.752568 1.182769 178.574685 39.839967 1.847941 22.023613
CSQ 200 3878.046574 19.568553 0.891887 161.200422 28.662794 1.313527 18.515160
CSQ 230 3877.610852 16.028481 0.729711 150.321266 22.377141 1.024016 16.574579
CSQ 260 3878.258855 13.287015 0.602946 140.458124 17.759859 0.809013 14.615986
CSQ 290 3878.140466 11.401790 0.515822 133.061361 14.775872 0.671920 12.262946
CSQ 320 3878.297461 10.031727 0.453252 127.817218 12.461895 0.564870 11.730057
CSQ 350 3878.603424 9.016107 0.407299 123.693829 10.831199 0.490817 10.834347
CSQ 380 3879.153831 8.143519 0.366911 119.940735 9.514282 0.430036 9.571000
CSQ 410 3879.138631 7.518836 0.338365 117.562011 8.588997 0.387592 8.857118
CSQ 440 3877.417719 6.987402 0.314095 115.070606 7.810592 0.351993 7.991782
CSQ 470 3878.019120 6.566896 0.294979 113.806951 7.138298 0.321311 7.471386
CSQ 500 3878.248227 6.187857 0.277699 112.211061 6.595422 0.296639 6.576200
CSQ 1000 3878.715941 3.707986 0.165984 105.583576 3.275050 0.146762 3.873668
CSQ 1500 3878.656317 2.909437 0.130175 104.844198 2.405404 0.107716 2.855018
CSQ 2000 3878.179868 2.487114 0.111258 105.209655 1.982490 0.088743 2.232923
CSQ 2500 3878.482069 2.205887 0.098671 105.346023 1.717253 0.076855 2.010596
CSQ 3000 3878.276630 2.002756 0.089582 105.519381 1.535589 0.068719 1.884982
CSQ 3500 3878.202642 1.850502 0.082768 105.824185 1.401237 0.062703 1.611636
CSQ 4000 3878.361560 1.725086 0.077157 105.851312 1.296405 0.058009 1.467670
CSQ 4500 3878.342271 1.623602 0.072616 105.984646 1.211678 0.054213 1.330173
CSQ 5000 3878.254843 1.538318 0.068802 106.092142 1.140147 0.051013 1.347955
CSQ 5500 3878.400187 1.463985 0.065476 106.120900 1.079664 0.048305 1.226567
CSQ 6000 3878.479464 1.401190 0.062667 106.259020 1.030069 0.046085 1.108281
CSQ 6500 3878.388760 1.345959 0.060197 106.394410 0.984859 0.044061 1.161875
CSQ 7000 3878.321212 1.294956 0.057915 106.365164 0.944816 0.042268 1.092099
CSQ 7500 3878.326154 1.250923 0.055946 106.469777 0.909278 0.040677 1.002468
CSQ 8000 3878.382457 1.210187 0.054124 106.470951 0.876747 0.039223 0.981497
CSQ 8500 3878.255414 1.174287 0.052518 106.566550 0.850535 0.038050 0.927845
CSQ 9000 3878.374899 1.141363 0.051045 106.664070 0.824721 0.036893 0.938555
CSQ 9500 3878.396690 1.110360 0.049659 106.680225 0.801442 0.035852 0.857418
CSQ 10000 3878.272107 1.081629 0.048373 106.696973 0.779065 0.034850 0.837970
CSQ 10500 3878.423444 1.055252 0.047194 106.719706 0.759604 0.033979 0.885783
CSQ 11000 3878.355401 1.031257 0.046121 106.786320 0.740741 0.033137 0.892080
CSQ 11500 3878.273127 1.008834 0.045118 106.864214 0.724356 0.032402 0.820964
CSQ 12000 3878.377798 0.986551 0.044121 106.777457 0.707619 0.031654 0.862408
CSQ 12500 3878.354195 0.967219 0.043257 106.876836 0.693324 0.031014 0.823731
CSQ 13000 3878.433216 0.948363 0.042413 106.931330 0.679157 0.030379 0.772503
CSQ 13500 3878.390885 0.930462 0.041613 106.945742 0.666542 0.029815 0.766422
CSQ 14000 3878.319261 0.913086 0.040835 106.902027 0.652447 0.029185 0.744658
CSQ 14500 3878.369199 0.897315 0.040130 106.953401 0.641209 0.028682 0.742479
CSQ 15000 3878.448440 0.881907 0.039441 106.974154 0.628435 0.028110 0.732418
CSQ-WW 50 3878.174224 25.522050 1.169498 103.045690 26.167790 1.192537 17.855245
CSQ-WW 80 3877.643138 16.108154 0.729658 104.814145 16.425197 0.741113 12.909436
CSQ-WW 110 3877.887059 11.909306 0.538117 106.509809 11.970777 0.539180 11.549230
CSQ-WW 140 3877.711758 9.361691 0.422012 106.599181 9.434616 0.424126 10.255664
CSQ-WW 170 3878.711571 7.782143 0.350497 107.495379 7.783623 0.349691 9.667615
CSQ-WW 200 3878.798698 6.526788 0.293309 106.515812 6.582300 0.295302 7.979673
CSQ-WW 230 3878.703005 5.761657 0.258903 107.707375 5.774863 0.259064 7.967209
CSQ-WW 260 3878.412493 5.068139 0.227678 107.317890 5.092885 0.228410 7.657890
CSQ-WW 290 3878.770615 4.507705 0.202412 106.745883 4.526176 0.202953 7.240813
CSQ-WW 320 3878.583667 4.130105 0.185344 107.628974 4.141585 0.185613 6.740326
CSQ-WW 350 3878.386904 3.794088 0.170233 108.056929 3.792409 0.169959 6.546876
CSQ-WW 380 3878.002004 3.450345 0.154778 106.985065 3.473060 0.155629 6.280918
CSQ-WW 410 3878.808064 3.230612 0.144866 107.839475 3.239288 0.145118 5.956160
CSQ-WW 440 3878.702633 2.995184 0.134294 107.502053 2.999059 0.134360 5.761112
CSQ-WW 470 3878.144580 2.797775 0.125415 107.295981 2.809487 0.125844 5.518534
CSQ-WW 500 3878.594983 2.639866 0.118331 107.609512 2.646581 0.118527 5.520514
CSQ-WW 1000 3878.515870 1.329438 0.059527 108.278409 1.328840 0.059474 4.027002
CSQ-WW 1500 3878.551631 0.886350 0.039668 108.330529 0.885846 0.039636 3.065794
CSQ-WW 2000 3878.425581 0.661259 0.029589 107.935791 0.661319 0.029587 2.709535
CSQ-WW 2500 3878.433762 0.529788 0.023703 108.042940 0.529885 0.023704 2.343498
CSQ-WW 3000 3878.579949 0.441759 0.019763 108.086538 0.442124 0.019777 2.193837
CSQ-WW 3500 3878.689648 0.378987 0.016954 108.177552 0.378966 0.016951 1.907168
CSQ-WW 4000 3878.706027 0.331682 0.014837 108.181564 0.331893 0.014845 1.785953
CSQ-WW 4500 3878.625195 0.294917 0.013192 108.223534 0.294804 0.013186 1.649831
CSQ-WW 5000 3878.586656 0.265045 0.011855 108.111050 0.265194 0.011861 1.578645
CSQ-WW 5500 3878.535178 0.240811 0.010771 108.057575 0.241006 0.010779 1.481717
CSQ-WW 6000 3878.692411 0.220772 0.009875 108.080834 0.220854 0.009878 1.468408
CSQ-WW 6500 3878.711988 0.203923 0.009121 108.103998 0.204242 0.009135 1.351250
CSQ-WW 7000 3878.621756 0.189488 0.008475 108.181506 0.189488 0.008475 1.372147
CSQ-WW 7500 3878.598239 0.176799 0.007908 108.150762 0.176928 0.007913 1.335872
CSQ-WW 8000 3878.636777 0.165672 0.007410 108.113912 0.165766 0.007414 1.250256
CSQ-WW 8500 3878.517373 0.156000 0.006977 108.168749 0.155903 0.006973 1.174982
CSQ-WW 9000 3878.419824 0.147304 0.006588 108.147998 0.147290 0.006588 1.146156
CSQ-WW 9500 3878.528879 0.139794 0.006252 108.299550 0.139644 0.006246 1.132884
CSQ-WW 10000 3878.482383 0.132769 0.005938 108.272817 0.132656 0.005933 1.135863
CSQ-WW 10500 3878.647686 0.126357 0.005651 108.213036 0.126294 0.005648 1.088002
CSQ-WW 11000 3878.523826 0.120652 0.005396 108.253216 0.120469 0.005388 1.060209
CSQ-WW 11500 3878.577875 0.115479 0.005165 108.301694 0.115323 0.005158 1.000302
CSQ-WW 12000 3878.584526 0.110498 0.004942 108.158618 0.110525 0.004943 1.064340
CSQ-WW 12500 3878.539375 0.106001 0.004741 108.100661 0.106028 0.004742 0.994807
CSQ-WW 13000 3878.614748 0.101994 0.004562 108.149112 0.102040 0.004564 0.952977
CSQ-WW 13500 3878.641012 0.098115 0.004388 108.072044 0.098165 0.004390 0.979607
CSQ-WW 14000 3878.614287 0.094678 0.004234 108.124979 0.094709 0.004236 0.914604
CSQ-WW 14500 3878.613665 0.091459 0.004090 108.155148 0.091525 0.004093 0.913926
CSQ-WW 15000 3878.541748 0.088426 0.003955 108.187464 0.088417 0.003954 0.905870
MLE 50 3878.403054 14.944271 0.672130 105.671856 10.629434 0.478336 11.287593
MLE 80 3878.020296 11.952001 0.536334 106.901956 8.458419 0.379591 8.840510
MLE 110 3878.362378 10.269830 0.460317 107.710903 7.260943 0.325449 7.238060
MLE 140 3878.564998 9.053376 0.405697 107.120977 6.401351 0.286856 6.813000
MLE 170 3878.297822 8.267824 0.370219 107.799236 5.845985 0.261773 5.439644
MLE 200 3878.615548 7.599569 0.340297 107.474126 5.373530 0.240618 5.432067
MLE 230 3878.458647 7.125633 0.319013 108.065578 5.038450 0.225571 5.033239
MLE 260 3878.327238 6.693211 0.299608 107.924777 4.732714 0.211850 4.658435
MLE 290 3877.723300 6.351636 0.284291 108.164456 4.491205 0.201021 4.425483
MLE 320 3878.655983 6.016623 0.269265 107.628617 4.254323 0.190396 4.085543
MLE 350 3878.635406 5.788206 0.259061 108.287408 4.092821 0.183181 4.309633
MLE 380 3878.815084 5.541291 0.247975 108.019649 3.918232 0.175343 3.898822
MLE 410 3878.475035 5.340102 0.238958 108.128822 3.775978 0.168967 3.716437
MLE 440 3878.515401 5.147061 0.230308 107.965664 3.639483 0.162851 3.549958
MLE 470 3878.555066 4.979793 0.222823 107.959341 3.521210 0.157558 3.547973
MLE 500 3878.175150 4.831315 0.216173 108.031487 3.416227 0.152856 3.444325
MLE 1000 3878.364210 3.417924 0.152896 108.084247 2.416827 0.108114 2.537135
MLE 1500 3878.290249 2.795560 0.125043 108.271586 1.976757 0.088419 2.009949
MLE 2000 3878.490414 2.419838 0.108231 108.218430 1.711085 0.076531 1.662852
MLE 2500 3878.134562 2.161369 0.096670 108.068442 1.528321 0.068356 1.586737
MLE 3000 3878.532323 1.973928 0.088284 108.116503 1.395781 0.062426 1.369040
MLE 3500 3878.573696 1.826753 0.081701 108.072164 1.291713 0.057771 1.301755
MLE 4000 3878.465960 1.710457 0.076499 108.178790 1.209479 0.054093 1.194930
MLE 4500 3878.341182 1.613875 0.072178 108.262033 1.141186 0.051038 1.090270
MLE 5000 3878.366716 1.529097 0.068387 108.123502 1.081239 0.048357 1.135513
MLE 5500 3878.346434 1.458452 0.065227 108.161716 1.031285 0.046123 1.080583
MLE 6000 3878.339111 1.396937 0.062475 108.206253 0.987787 0.044177 0.971697
MLE 6500 3878.456805 1.341146 0.059980 108.126635 0.948337 0.042412 0.912280
MLE 7000 3878.418979 1.293620 0.057855 108.232001 0.914730 0.040909 0.922869
MLE 7500 3878.425626 1.249121 0.055864 108.177094 0.883265 0.039502 0.828007
MLE 8000 3878.540790 1.209803 0.054106 108.208099 0.855463 0.038259 0.840668
MLE 8500 3878.354468 1.172569 0.052440 108.105513 0.829134 0.037081 0.836590
MLE 9000 3878.436896 1.140680 0.051014 108.214424 0.806585 0.036073 0.787484
MLE 9500 3878.367336 1.109776 0.049632 108.167542 0.784732 0.035095 0.811973
MLE 10000 3878.370824 1.081619 0.048373 108.161924 0.764823 0.034205 0.751637
MLE 10500 3878.342237 1.054728 0.047170 108.077414 0.745807 0.033354 0.759294
MLE 11000 3878.388047 1.031016 0.046109 108.133847 0.729041 0.032604 0.731534
MLE 11500 3878.367926 1.008862 0.045119 108.188346 0.713375 0.031904 0.728486
MLE 12000 3878.412050 0.986819 0.044133 108.100643 0.697789 0.031207 0.684493
MLE 12500 3878.366630 0.967039 0.043248 108.118239 0.683802 0.030581 0.686946
MLE 13000 3878.341929 0.948459 0.042417 108.140973 0.670664 0.029993 0.620868
MLE 13500 3878.451382 0.931339 0.041651 108.211757 0.658558 0.029452 0.616177
MLE 14000 3878.301790 0.914142 0.040882 108.162782 0.646398 0.028908 0.658118
MLE 14500 3878.296252 0.898389 0.040178 108.180408 0.635259 0.028410 0.623156
MLE 15000 3878.388261 0.883108 0.039494 108.158192 0.624453 0.027927 0.635383
