CSQ 50 3880.085472 57.945565 8.979333 163.741524 65.296444 3.992816 67.518822
CSQ 80 3877.045156 20.175655 0.957030 124.839842 24.927945 1.196897 23.377916
CSQ 110 3879.987737 13.917602 0.634578 114.240224 15.148596 0.698171 14.988886
CSQ 140 3877.855162 11.211535 0.507070 109.310887 11.377153 0.519393 11.474639
CSQ 170 3878.561539 9.786745 0.441129 108.555005 9.334831 0.423582 9.952159
CSQ 200 3878.797239 8.732342 0.392940 107.254622 8.133444 0.368632 9.198213
CSQ 230 3878.682543 7.909255 0.355340 106.428550 7.119948 0.321255 8.025513
CSQ 260 3878.513286 7.328320 0.328705 106.186459 6.427291 0.289340 6.735752
CSQ 290 3878.455684 6.879557 0.308576 106.070149 5.945586 0.267886 6.572242
CSQ 320 3878.704261 6.473520 0.290284 105.566935 5.511325 0.248312 6.300932
CSQ 350 3878.338996 6.153625 0.275781 105.968235 5.171891 0.232796 5.812885
CSQ 380 3878.447708 5.874883 0.263254 105.983039 4.864990 0.218786 5.628445
CSQ 410 3878.182928 5.603993 0.250981 105.832833 4.599198 0.206590 4.980139
CSQ 440 3878.637771 5.401063 0.241872 105.914750 4.399639 0.197545 4.830287
CSQ 470 3878.526855 5.185464 0.232245 105.592285 4.176391 0.187575 4.909923
CSQ 500 3878.882576 5.037282 0.225546 105.995932 4.038385 0.181304 4.444861
CSQ 1000 3878.637294 3.470099 0.155252 106.143640 2.615370 0.117195 2.911831
CSQ 1500 3878.552998 2.817463 0.126036 106.575656 2.073826 0.092883 2.353541
CSQ 2000 3878.649075 2.428545 0.108629 106.677060 1.762431 0.078911 1.970371
CSQ 2500 3878.431965 2.170876 0.097098 106.962207 1.569578 0.070268 1.715222
CSQ 3000 3878.421878 1.982403 0.088665 107.185910 1.422483 0.063678 1.509691
CSQ 3500 3878.390989 1.831188 0.081901 107.145771 1.310026 0.058633 1.447351
CSQ 4000 3878.346552 1.713512 0.076637 107.289848 1.222520 0.054712 1.316582
CSQ 4500 3878.475772 1.614578 0.072211 107.321756 1.147073 0.051331 1.225179
CSQ 5000 3878.554506 1.531341 0.068488 107.358557 1.087890 0.048680 1.159498
CSQ 5500 3878.481875 1.459288 0.065265 107.385037 1.033977 0.046268 1.133081
CSQ 6000 3878.469566 1.397460 0.062499 107.498952 0.991328 0.044356 1.069367
CSQ 6500 3878.392626 1.343300 0.060077 107.583968 0.953159 0.042644 0.966173
CSQ 7000 3878.448401 1.294843 0.057909 107.671615 0.917064 0.041031 0.916381
CSQ 7500 3878.419994 1.249923 0.055900 107.614603 0.883770 0.039540 0.923226
CSQ 8000 3878.453853 1.210192 0.054123 107.655976 0.853420 0.038184 0.914818
CSQ 8500 3878.332273 1.174116 0.052510 107.696726 0.827991 0.037043 0.898377
CSQ 9000 3878.487665 1.141153 0.051036 107.720899 0.805576 0.036040 0.895584
CSQ 9500 3878.421428 1.110522 0.049666 107.740969 0.782042 0.034987 0.840296
CSQ 10000 3878.462555 1.082039 0.048392 107.713049 0.761231 0.034056 0.840944
CSQ 10500 3878.464166 1.055808 0.047219 107.737604 0.743435 0.033259 0.813235
CSQ 11000 3878.481666 1.031506 0.046132 107.744577 0.726219 0.032487 0.791295
CSQ 11500 3878.418860 1.009125 0.045131 107.792080 0.709997 0.031763 0.752191
CSQ 12000 3878.480113 0.987462 0.044162 107.758184 0.693879 0.031041 0.754553
CSQ 12500 3878.432342 0.968044 0.043293 107.827600 0.681189 0.030472 0.731566
CSQ 13000 3878.423823 0.948613 0.042424 107.774000 0.667154 0.029845 0.694288
CSQ 13500 3878.470703 0.931382 0.041653 107.829336 0.654891 0.029296 0.684005
CSQ 14000 3878.448915 0.914145 0.040883 107.786123 0.642579 0.028745 0.654245
CSQ 14500 3878.446119 0.898257 0.040172 107.798943 0.630748 0.028216 0.654870
CSQ 15000 3878.439654 0.883267 0.039502 107.837686 0.620300 0.027747 0.647409
CSQ-WW 50 3878.581631 12.850645 0.590021 103.204047 13.278471 0.605804 19.368297
CSQ-WW 80 3878.721615 8.145936 0.369453 105.422960 8.309665 0.375000 13.819463
CSQ-WW 110 3878.421005 5.971803 0.270074 106.396784 6.046068 0.272387 12.257332
CSQ-WW 140 3877.278796 4.681219 0.210817 106.528221 4.740830 0.213127 9.519037
CSQ-WW 170 3878.901502 3.899279 0.175482 107.678734 3.906104 0.175438 9.066263
CSQ-WW 200 3878.327611 3.331139 0.149711 108.071829 3.339158 0.149865 8.079428
CSQ-WW 230 3878.790188 2.883749 0.129532 107.786879 2.897697 0.130030 7.516807
CSQ-WW 260 3878.020955 2.533057 0.113748 107.195618 2.552536 0.114475 7.330975
CSQ-WW 290 3878.874354 2.276259 0.102223 107.448523 2.289658 0.102682 7.346811
CSQ-WW 320 3878.582537 2.062876 0.092566 107.532770 2.072388 0.092892 6.639129
CSQ-WW 350 3878.275239 1.890763 0.084811 107.720565 1.897699 0.085032 6.244016
CSQ-WW 380 3878.489025 1.742413 0.078134 107.869173 1.742136 0.078042 5.977327
CSQ-WW 410 3878.331903 1.618737 0.072560 108.057258 1.618705 0.072511 5.514796
CSQ-WW 440 3879.048116 1.511461 0.067760 108.242582 1.510674 0.067674 5.625101
CSQ-WW 470 3878.550669 1.408645 0.063142 107.877885 1.408743 0.063099 5.500166
CSQ-WW 500 3878.210589 1.331358 0.059676 108.279739 1.333180 0.059710 5.463737
CSQ-WW 1000 3878.597975 0.664529 0.029751 108.270135 0.664164 0.029723 3.773364
CSQ-WW 1500 3878.413019 0.441491 0.019759 108.002240 0.442116 0.019783 3.065560
CSQ-WW 2000 3878.604581 0.332497 0.014878 108.353148 0.332319 0.014867 2.720530
CSQ-WW 2500 3878.439796 0.265839 0.011894 108.285180 0.266180 0.011907 2.370635
CSQ-WW 3000 3878.427016 0.221826 0.009924 108.432732 0.221697 0.009917 2.090870
CSQ-WW 3500 3878.598096 0.190022 0.008500 108.393212 0.189840 0.008492 1.882394
CSQ-WW 4000 3878.647829 0.166399 0.007443 108.446112 0.166341 0.007440 1.828580
CSQ-WW 4500 3878.687244 0.147766 0.006610 108.377876 0.147651 0.006604 1.708963
CSQ-WW 5000 3878.653094 0.132953 0.005947 108.358427 0.132895 0.005944 1.679811
CSQ-WW 5500 3878.540100 0.120677 0.005398 108.225823 0.120723 0.005400 1.483529
CSQ-WW 6000 3878.732282 0.110696 0.004951 108.297562 0.110626 0.004948 1.308986
CSQ-WW 6500 3878.593196 0.102425 0.004581 108.490333 0.102249 0.004573 1.363235
CSQ-WW 7000 3878.694800 0.094864 0.004243 108.278447 0.094831 0.004241 1.272302
CSQ-WW 7500 3878.638047 0.088715 0.003968 108.429622 0.088663 0.003965 1.351340
CSQ-WW 8000 3878.606731 0.083184 0.003721 108.449252 0.083112 0.003717 1.260349
CSQ-WW 8500 3878.653936 0.078225 0.003499 108.384047 0.078157 0.003496 1.197261
CSQ-WW 9000 3878.623329 0.073747 0.003298 108.234312 0.073787 0.003300 1.201464
CSQ-WW 9500 3878.751602 0.069914 0.003127 108.287579 0.069938 0.003128 1.124296
CSQ-WW 10000 3878.633755 0.066355 0.002968 108.202742 0.066429 0.002971 1.141336
CSQ-WW 10500 3878.587860 0.063233 0.002828 108.242928 0.063315 0.002832 1.071798
CSQ-WW 11000 3878.723235 0.060281 0.002696 108.144255 0.060362 0.002700 1.100183
CSQ-WW 11500 3878.601943 0.057769 0.002584 108.303243 0.057800 0.002585 1.093294
CSQ-WW 12000 3878.738791 0.055355 0.002476 108.288932 0.055392 0.002477 1.025982
CSQ-WW 12500 3878.680580 0.053158 0.002377 108.313851 0.053188 0.002379 1.032830
CSQ-WW 13000 3878.523469 0.051182 0.002289 108.433559 0.051160 0.002288 0.992059
CSQ-WW 13500 3878.575194 0.049289 0.002204 108.455758 0.049232 0.002202 0.951379
CSQ-WW 14000 3878.599601 0.047507 0.002125 108.421334 0.047443 0.002122 0.950649
CSQ-WW 14500 3878.560297 0.045899 0.002053 108.464169 0.045850 0.002051 0.897759
CSQ-WW 15000 3878.533059 0.044315 0.001982 108.378661 0.044260 0.001979 0.891550
MLE 50 3878.575947 15.070625 0.677345 106.565405 10.654524 0.478864 10.663677
MLE 80 3878.430713 12.023537 0.539512 107.541780 8.500912 0.381447 8.813337
MLE 110 3878.804121 10.241947 0.459189 107.418445 7.241534 0.324668 7.634030
MLE 140 3877.796252 9.060981 0.405940 107.210975 6.406678 0.287025 6.398048
MLE 170 3878.387337 8.277872 0.370721 107.930239 5.853046 0.262126 5.741794
MLE 200 3878.646779 7.602175 0.340385 107.510984 5.375338 0.240679 5.249565
MLE 230 3878.430114 7.132311 0.319355 108.166855 5.043142 0.225811 5.339226
MLE 260 3878.277895 6.707767 0.300292 108.159488 4.742977 0.212332 4.928326
MLE 290 3878.307517 6.356537 0.284520 108.247918 4.494640 0.201181 4.516432
MLE 320 3878.384020 6.043624 0.270481 108.111637 4.273401 0.191255 4.176812
MLE 350 3878.146237 5.785444 0.258912 108.235751 4.090852 0.183075 4.032250
MLE 380 3878.376379 5.539984 0.247916 107.994166 3.917297 0.175300 3.887795
MLE 410 3878.357166 5.332015 0.238607 107.965065 3.770249 0.168718 3.851654
MLE 440 3878.552121 5.166287 0.231176 108.368939 3.653067 0.163464 3.668442
MLE 470 3878.270943 4.990754 0.223309 108.196971 3.528954 0.157902 3.487128
MLE 500 3878.211545 4.841276 0.216618 108.254223 3.423262 0.153170 3.444132
MLE 1000 3878.445635 3.429010 0.153389 108.434826 2.424669 0.108462 2.444495
MLE 1500 3878.394032 2.797312 0.125121 108.339433 1.977996 0.088474 1.994384
MLE 2000 3878.380111 2.421239 0.108295 108.281098 1.712073 0.076576 1.730390
MLE 2500 3878.527154 2.163721 0.096774 108.186062 1.529982 0.068429 1.489053
MLE 3000 3878.504436 1.974096 0.088291 108.125699 1.395897 0.062432 1.384276
MLE 3500 3878.307110 1.829332 0.081816 108.224716 1.293533 0.057853 1.268315
MLE 4000 3878.397114 1.711225 0.076533 108.227383 1.210020 0.054117 1.201549
MLE 4500 3878.481089 1.613159 0.072147 108.213988 1.140676 0.051016 1.158340
MLE 5000 3878.382838 1.531018 0.068472 108.259337 1.082594 0.048417 1.028051
MLE 5500 3878.415691 1.459426 0.065270 108.233908 1.031970 0.046153 1.030551
MLE 6000 3878.420915 1.397877 0.062517 108.279057 0.988448 0.044207 0.975946
MLE 6500 3878.412749 1.342564 0.060044 108.241008 0.949337 0.042457 0.937859
MLE 7000 3878.466502 1.294371 0.057888 108.294860 0.915259 0.040933 0.854966
MLE 7500 3878.512849 1.250283 0.055916 108.277644 0.884084 0.039539 0.849334
MLE 8000 3878.355631 1.210171 0.054122 108.241023 0.855721 0.038270 0.824243
MLE 8500 3878.445500 1.174569 0.052530 108.289939 0.830546 0.037144 0.785605
MLE 9000 3878.402025 1.141208 0.051038 108.264518 0.806956 0.036089 0.789795
MLE 9500 3878.385579 1.110529 0.049666 108.240993 0.785263 0.035119 0.729550
MLE 10000 3878.471971 1.083355 0.048450 108.335457 0.766048 0.034260 0.751658
MLE 10500 3878.415556 1.056608 0.047254 108.270073 0.747135 0.033414 0.741226
MLE 11000 3878.436939 1.032620 0.046181 108.302150 0.730173 0.032655 0.699932
MLE 11500 3878.395165 1.009625 0.045153 108.270167 0.713913 0.031928 0.731986
MLE 12000 3878.424198 0.988764 0.044220 108.313699 0.699162 0.031268 0.691899
MLE 12500 3878.408046 0.968197 0.043300 108.247706 0.684619 0.030618 0.684085
MLE 13000 3878.467671 0.949492 0.042463 108.258751 0.671393 0.030026 0.662484
MLE 13500 3878.352748 0.932106 0.041686 108.300970 0.659099 0.029476 0.658633
MLE 14000 3878.423761 0.915529 0.040944 108.326797 0.647377 0.028952 0.636537
MLE 14500 3878.370255 0.899206 0.040214 108.278746 0.635835 0.028436 0.609775
MLE 15000 3878.385516 0.883779 0.039524 108.240421 0.624927 0.027948 0.617503
