CSQ 50 3880.228704 11.502367 1.138447 36.746090 14.693300 1.055767 13.431312
CSQ 80 3878.611131 4.739581 0.229102 29.409319 5.693542 0.275387 5.518257
CSQ 110 3878.308976 3.233938 0.148450 26.584008 3.481915 0.162417 3.643646
CSQ 140 3878.307000 2.622740 0.118757 25.830964 2.620016 0.119839 2.880227
CSQ 170 3878.415079 2.280306 0.102742 25.523863 2.141844 0.097317 2.266454
CSQ 200 3878.420704 2.044641 0.091938 25.267844 1.873304 0.084804 2.035250
CSQ 230 3878.308549 1.848119 0.082973 25.050175 1.644559 0.074230 1.766591
CSQ 260 3878.587900 1.708464 0.076658 24.885006 1.486345 0.066970 1.628526
CSQ 290 3878.407439 1.611917 0.072298 24.977812 1.373106 0.061860 1.566363
CSQ 320 3878.404177 1.523200 0.068282 24.996580 1.283357 0.057797 1.387416
CSQ 350 3878.440213 1.435513 0.064336 24.827317 1.189124 0.053477 1.359585
CSQ 380 3878.311267 1.373348 0.061520 24.920766 1.127736 0.050681 1.218392
CSQ 410 3878.234923 1.321062 0.059186 24.943316 1.077427 0.048431 1.296460
CSQ 440 3878.449760 1.272722 0.057003 25.009738 1.033212 0.046419 1.183725
CSQ 470 3878.400679 1.221735 0.054708 24.928994 0.977902 0.043906 1.121780
CSQ 500 3878.352218 1.178543 0.052760 24.890653 0.935966 0.042010 0.999014
CSQ 1000 3878.334242 0.818988 0.036643 25.085658 0.616081 0.027608 0.711136
CSQ 1500 3878.425142 0.663815 0.029695 25.143646 0.486801 0.021805 0.556669
CSQ 2000 3878.391434 0.573072 0.025633 25.187492 0.417082 0.018675 0.463977
CSQ 2500 3878.349772 0.511832 0.022893 25.234682 0.368893 0.016515 0.401071
CSQ 3000 3878.391236 0.466952 0.020885 25.278469 0.335049 0.014996 0.345618
CSQ 3500 3878.373344 0.431809 0.019313 25.289449 0.309041 0.013832 0.332406
CSQ 4000 3878.394310 0.404061 0.018072 25.316431 0.288982 0.012934 0.310254
CSQ 4500 3878.431855 0.380806 0.017031 25.333129 0.271390 0.012145 0.300958
CSQ 5000 3878.391323 0.360974 0.016144 25.329693 0.256686 0.011486 0.279263
CSQ 5500 3878.401911 0.344297 0.015398 25.354497 0.244938 0.010960 0.267476
CSQ 6000 3878.382086 0.329866 0.014753 25.384898 0.234098 0.010475 0.254655
CSQ 6500 3878.407875 0.316610 0.014160 25.372690 0.224430 0.010041 0.241238
CSQ 7000 3878.383366 0.305067 0.013644 25.385084 0.216343 0.009679 0.225752
CSQ 7500 3878.407360 0.294662 0.013178 25.382256 0.208702 0.009337 0.220471
CSQ 8000 3878.378122 0.285313 0.012760 25.388820 0.201559 0.009018 0.217462
CSQ 8500 3878.322614 0.276775 0.012378 25.393399 0.195297 0.008737 0.221608
CSQ 9000 3878.367222 0.269123 0.012036 25.417589 0.190273 0.008512 0.198199
CSQ 9500 3878.373333 0.261826 0.011710 25.407481 0.185000 0.008277 0.207073
CSQ 10000 3878.376556 0.255166 0.011412 25.411224 0.179832 0.008045 0.194376
CSQ 10500 3878.366480 0.249012 0.011136 25.412893 0.175419 0.007848 0.184887
CSQ 11000 3878.349921 0.243275 0.010880 25.416785 0.171329 0.007665 0.195107
CSQ 11500 3878.382404 0.238001 0.010644 25.425222 0.167623 0.007499 0.168561
CSQ 12000 3878.381605 0.232957 0.010418 25.426401 0.164178 0.007344 0.181296
CSQ 12500 3878.371418 0.228240 0.010207 25.429212 0.160937 0.007199 0.174598
CSQ 13000 3878.407451 0.223919 0.010014 25.446052 0.158518 0.007091 0.160597
CSQ 13500 3878.411216 0.219764 0.009828 25.451633 0.155228 0.006944 0.164577
CSQ 14000 3878.393927 0.215825 0.009652 25.456894 0.152410 0.006818 0.166647
CSQ 14500 3878.409804 0.212014 0.009482 25.450508 0.149867 0.006704 0.164124
CSQ 15000 3878.409973 0.208423 0.009321 25.453275 0.147466 0.006596 0.149608
CSQ-WW 50 3878.560994 3.000508 0.137252 24.778349 3.064075 0.139544 4.073631
CSQ-WW 80 3878.566924 1.886219 0.085443 25.104091 1.907666 0.086129 3.104978
CSQ-WW 110 3878.396902 1.368380 0.061767 25.143438 1.378829 0.062078 2.631009
CSQ-WW 140 3878.433857 1.078190 0.048585 25.235590 1.085797 0.048810 2.342460
CSQ-WW 170 3878.607654 0.885256 0.039809 25.233360 0.888643 0.039895 2.020666
CSQ-WW 200 3878.445352 0.759357 0.034145 25.415172 0.761474 0.034188 1.990023
CSQ-WW 230 3878.407644 0.658744 0.029588 25.356046 0.662610 0.029730 1.771323
CSQ-WW 260 3878.424070 0.581655 0.026119 25.342085 0.584695 0.026219 1.732726
CSQ-WW 290 3878.323817 0.523190 0.023477 25.430652 0.524788 0.023527 1.556834
CSQ-WW 320 3878.403909 0.472538 0.021209 25.378665 0.472251 0.021175 1.608146
CSQ-WW 350 3878.390810 0.433428 0.019450 25.412818 0.435180 0.019506 1.580314
CSQ-WW 380 3878.417240 0.397775 0.017844 25.355628 0.399454 0.017900 1.482637
CSQ-WW 410 3878.506425 0.372318 0.016691 25.543314 0.373429 0.016729 1.339592
CSQ-WW 440 3878.378098 0.344579 0.015449 25.429849 0.345165 0.015460 1.369609
CSQ-WW 470 3878.535792 0.322583 0.014458 25.432662 0.323409 0.014484 1.278080
CSQ-WW 500 3878.464279 0.302695 0.013567 25.400554 0.303873 0.013610 1.255849
CSQ-WW 1000 3878.479255 0.151812 0.006797 25.477746 0.152109 0.006807 0.886415
CSQ-WW 1500 3878.414507 0.101235 0.004531 25.486794 0.101454 0.004540 0.795187
CSQ-WW 2000 3878.479685 0.075874 0.003395 25.475800 0.076059 0.003403 0.648144
CSQ-WW 2500 3878.494927 0.060857 0.002723 25.529872 0.060934 0.002726 0.528108
CSQ-WW 3000 3878.424370 0.050718 0.002269 25.533952 0.050767 0.002271 0.474487
CSQ-WW 3500 3878.437103 0.043516 0.001947 25.552174 0.043545 0.001948 0.462104
CSQ-WW 4000 3878.405952 0.037969 0.001698 25.502419 0.038018 0.001701 0.440077
CSQ-WW 4500 3878.424317 0.033806 0.001512 25.532453 0.033838 0.001514 0.424856
CSQ-WW 5000 3878.462395 0.030372 0.001359 25.500394 0.030415 0.001360 0.387855
CSQ-WW 5500 3878.415656 0.027659 0.001237 25.531962 0.027691 0.001239 0.367736
CSQ-WW 6000 3878.445991 0.025366 0.001135 25.544877 0.025376 0.001135 0.341444
CSQ-WW 6500 3878.426516 0.023421 0.001048 25.545545 0.023433 0.001048 0.324339
CSQ-WW 7000 3878.409836 0.021750 0.000973 25.548768 0.021752 0.000973 0.319513
CSQ-WW 7500 3878.393531 0.020315 0.000909 25.564340 0.020310 0.000908 0.281792
CSQ-WW 8000 3878.401839 0.019024 0.000851 25.545333 0.019017 0.000851 0.276651
CSQ-WW 8500 3878.421652 0.017891 0.000800 25.530507 0.017891 0.000800 0.282783
CSQ-WW 9000 3878.403118 0.016928 0.000757 25.565323 0.016916 0.000757 0.255188
CSQ-WW 9500 3878.435779 0.016014 0.000716 25.537245 0.016016 0.000716 0.265831
CSQ-WW 10000 3878.410782 0.015215 0.000681 25.539093 0.015216 0.000681 0.253083
CSQ-WW 10500 3878.418059 0.014483 0.000648 25.531213 0.014481 0.000648 0.259641
CSQ-WW 11000 3878.440822 0.013822 0.000618 25.522755 0.013843 0.000619 0.249248
CSQ-WW 11500 3878.437555 0.013208 0.000591 25.506833 0.013225 0.000591 0.247179
CSQ-WW 12000 3878.465639 0.012659 0.000566 25.504103 0.012684 0.000567 0.244672
CSQ-WW 12500 3878.448731 0.012160 0.000544 25.517094 0.012181 0.000545 0.253383
CSQ-WW 13000 3878.449220 0.011695 0.000523 25.522254 0.011712 0.000524 0.226841
CSQ-WW 13500 3878.456839 0.011256 0.000503 25.513892 0.011272 0.000504 0.241728
CSQ-WW 14000 3878.429129 0.010852 0.000485 25.509525 0.010868 0.000486 0.229892
CSQ-WW 14500 3878.392628 0.010480 0.000469 25.514203 0.010491 0.000469 0.218392
CSQ-WW 15000 3878.419134 0.010138 0.000453 25.527447 0.010146 0.000454 0.210956
MLE 50 3878.483888 3.560783 0.160041 25.178537 2.517385 0.113145 2.523821
MLE 80 3878.563649 2.832173 0.127067 25.331721 2.002411 0.089839 2.035979
MLE 110 3878.433543 2.421973 0.108541 25.401870 1.712449 0.076744 1.645561
MLE 140 3878.458999 2.161272 0.096827 25.572511 1.528154 0.068463 1.525362
MLE 170 3878.236405 1.943232 0.087030 25.336643 1.374006 0.061536 1.362384
MLE 200 3878.536296 1.800221 0.080620 25.458965 1.272899 0.057004 1.338668
MLE 230 3878.455097 1.680966 0.075263 25.493117 1.188584 0.053217 1.229711
MLE 260 3878.432205 1.579909 0.070723 25.475271 1.117133 0.050007 1.111361
MLE 290 3878.375406 1.498350 0.067062 25.515980 1.059468 0.047419 1.022903
MLE 320 3878.359238 1.424315 0.063748 25.478924 1.007122 0.045076 1.017727
MLE 350 3878.383313 1.359951 0.060857 25.442354 0.961613 0.043032 0.904486
MLE 380 3878.430122 1.308942 0.058578 25.515980 0.925547 0.041420 0.951432
MLE 410 3878.505156 1.263648 0.056546 25.586918 0.893521 0.039983 0.886688
MLE 440 3878.392834 1.214539 0.054346 25.476384 0.858797 0.038428 0.843473
MLE 470 3878.508682 1.177219 0.052671 25.521494 0.832409 0.037243 0.768800
MLE 500 3878.468313 1.142608 0.051126 25.549498 0.807937 0.036151 0.834811
MLE 1000 3878.357371 0.809181 0.036197 25.588547 0.572175 0.025595 0.573488
MLE 1500 3878.452541 0.659555 0.029502 25.544447 0.466375 0.020861 0.485013
MLE 2000 3878.382371 0.571704 0.025570 25.567385 0.404256 0.018081 0.393941
MLE 2500 3878.371574 0.510604 0.022837 25.530220 0.361052 0.016148 0.359045
MLE 3000 3878.391930 0.465962 0.020840 25.521771 0.329485 0.014736 0.328339
MLE 3500 3878.331278 0.431723 0.019309 25.541048 0.305274 0.013653 0.295928
MLE 4000 3878.372665 0.404181 0.018077 25.562670 0.285799 0.012782 0.277311
MLE 4500 3878.386872 0.380382 0.017012 25.516823 0.268971 0.012029 0.246755
MLE 5000 3878.369390 0.360946 0.016143 25.522742 0.255227 0.011415 0.248539
MLE 5500 3878.376904 0.344316 0.015399 25.535190 0.243469 0.010889 0.253446
MLE 6000 3878.359868 0.329608 0.014741 25.531338 0.233068 0.010424 0.242395
MLE 6500 3878.385621 0.316764 0.014167 25.538348 0.223986 0.010017 0.224832
MLE 7000 3878.377896 0.304927 0.013637 25.512032 0.215616 0.009643 0.219553
MLE 7500 3878.369988 0.294795 0.013184 25.530004 0.208452 0.009323 0.212780
MLE 8000 3878.362566 0.285476 0.012767 25.533791 0.201862 0.009028 0.197073
MLE 8500 3878.385889 0.277055 0.012391 25.543237 0.195908 0.008762 0.191006
MLE 9000 3878.383530 0.269254 0.012042 25.543657 0.190391 0.008515 0.182993
MLE 9500 3878.371106 0.262139 0.011724 25.550118 0.185360 0.008290 0.189073
MLE 10000 3878.382029 0.255259 0.011416 25.525859 0.180495 0.008072 0.184469
MLE 10500 3878.402457 0.249343 0.011151 25.550059 0.176312 0.007885 0.167807
MLE 11000 3878.391056 0.243539 0.010892 25.542565 0.172208 0.007702 0.180132
MLE 11500 3878.387545 0.238239 0.010655 25.548301 0.168461 0.007534 0.159999
MLE 12000 3878.392672 0.233062 0.010423 25.530611 0.164799 0.007370 0.154984
MLE 12500 3878.400721 0.228412 0.010215 25.537203 0.161512 0.007223 0.155785
MLE 13000 3878.397601 0.223941 0.010015 25.533156 0.158350 0.007082 0.159341
MLE 13500 3878.401479 0.219741 0.009827 25.531607 0.155380 0.006949 0.148122
MLE 14000 3878.378497 0.215798 0.009651 25.533532 0.152592 0.006824 0.152844
MLE 14500 3878.404417 0.212033 0.009483 25.532203 0.149930 0.006705 0.148189
MLE 15000 3878.395949 0.208495 0.009324 25.535273 0.147428 0.006593 0.145600
