CSQ 50 3872.252504 131.939169 12.099426 186.134009 156.840391 8.840366 100.921980
CSQ 80 3880.180287 36.583848 3.501938 127.587124 56.725378 3.096867 27.987306
CSQ 110 3879.237120 18.958284 0.899743 105.708243 28.482195 1.368480 17.468193
CSQ 140 3879.051700 12.764433 0.587653 92.143246 17.776823 0.826328 12.983259
CSQ 170 3878.685506 9.604203 0.438631 83.817713 12.551356 0.576535 10.425752
CSQ 200 3878.574940 7.687309 0.349242 77.494112 9.471206 0.432689 8.598202
CSQ 230 3878.992261 6.582665 0.297599 74.407988 7.739079 0.351550 7.145195
CSQ 260 3878.657617 5.670051 0.255993 71.075391 6.426305 0.291780 6.509979
CSQ 290 3878.165996 5.103363 0.229840 69.354525 5.523367 0.249747 5.914981
CSQ 320 3878.386512 4.672030 0.210082 68.313430 4.874118 0.220215 5.043876
CSQ 350 3878.696223 4.318478 0.194035 67.176540 4.399024 0.198328 4.685309
CSQ 380 3878.132274 4.062434 0.182390 66.667279 4.034424 0.181754 4.464638
CSQ 410 3878.524293 3.821887 0.171429 66.185695 3.717362 0.167319 4.044030
CSQ 440 3878.411238 3.646722 0.163542 65.921945 3.491964 0.157041 3.917715
CSQ 470 3878.198097 3.468636 0.155524 65.517136 3.274671 0.147216 3.724396
CSQ 500 3878.444369 3.305711 0.148145 65.055308 3.048652 0.136895 3.336700
CSQ 1000 3878.501709 2.187202 0.097885 64.655952 1.786299 0.080043 2.126088
CSQ 1500 3878.320369 1.748463 0.078224 64.596467 1.369002 0.061308 1.635919
CSQ 2000 3878.447514 1.504506 0.067299 64.846620 1.147292 0.051360 1.284564
CSQ 2500 3878.420211 1.337067 0.059807 64.847917 1.003414 0.044919 1.201471
CSQ 3000 3878.397409 1.220283 0.054580 65.107154 0.905490 0.040523 1.012319
CSQ 3500 3878.453476 1.126552 0.050387 65.152135 0.828990 0.037099 0.920235
CSQ 4000 3878.481975 1.052725 0.047084 65.240967 0.769559 0.034436 0.873265
CSQ 4500 3878.484607 0.991431 0.044342 65.291878 0.722155 0.032313 0.825655
CSQ 5000 3878.525870 0.939525 0.042020 65.334545 0.684143 0.030610 0.772691
CSQ 5500 3878.388394 0.896305 0.040087 65.448929 0.650313 0.029097 0.726075
CSQ 6000 3878.397220 0.857576 0.038354 65.485227 0.620233 0.027750 0.647331
CSQ 6500 3878.514721 0.823610 0.036835 65.518145 0.592799 0.026521 0.673163
CSQ 7000 3878.459727 0.792685 0.035452 65.505340 0.569058 0.025459 0.643624
CSQ 7500 3878.378145 0.766256 0.034269 65.578033 0.548492 0.024538 0.553091
CSQ 8000 3878.456321 0.741775 0.033175 65.603712 0.530698 0.023743 0.570205
CSQ 8500 3878.426565 0.719293 0.032169 65.625492 0.513343 0.022965 0.585047
CSQ 9000 3878.337846 0.698757 0.031251 65.622782 0.498606 0.022306 0.584074
CSQ 9500 3878.425326 0.679890 0.030407 65.635195 0.484615 0.021680 0.535515
CSQ 10000 3878.395277 0.662642 0.029635 65.657901 0.471326 0.021085 0.510453
CSQ 10500 3878.427754 0.646679 0.028921 65.679672 0.459140 0.020540 0.509784
CSQ 11000 3878.406646 0.632118 0.028270 65.729964 0.449303 0.020099 0.485629
CSQ 11500 3878.429746 0.617643 0.027623 65.693734 0.438978 0.019638 0.495339
CSQ 12000 3878.456983 0.605056 0.027060 65.745182 0.430998 0.019280 0.452113
CSQ 12500 3878.476086 0.592891 0.026516 65.776361 0.421879 0.018872 0.462074
CSQ 13000 3878.448827 0.581403 0.026002 65.797132 0.413612 0.018502 0.467509
CSQ 13500 3878.515884 0.570376 0.025509 65.792855 0.405763 0.018151 0.442872
CSQ 14000 3878.490922 0.560302 0.025058 65.827679 0.398054 0.017806 0.428780
CSQ 14500 3878.506950 0.550359 0.024613 65.820635 0.391095 0.017494 0.411206
CSQ 15000 3878.473059 0.541110 0.024200 65.831399 0.383739 0.017166 0.422829
CSQ-WW 50 3878.750618 12.397057 0.568363 63.671867 12.643778 0.575847 11.387011
CSQ-WW 80 3878.632738 7.884732 0.358072 64.966226 8.039971 0.363314 8.826542
CSQ-WW 110 3878.226515 5.775194 0.261026 65.704030 5.811793 0.261756 7.261443
CSQ-WW 140 3878.106424 4.525720 0.204138 65.644240 4.562896 0.205312 6.450524
CSQ-WW 170 3877.933579 3.712678 0.167126 65.568996 3.743784 0.168186 5.630900
CSQ-WW 200 3878.402338 3.164049 0.142230 65.686233 3.194223 0.143343 5.096329
CSQ-WW 230 3878.629831 2.752131 0.123666 65.801931 2.768872 0.124227 4.856947
CSQ-WW 260 3878.705384 2.431853 0.109175 65.785125 2.439651 0.109409 4.363043
CSQ-WW 290 3878.291266 2.184839 0.098072 65.919884 2.190430 0.098217 4.251005
CSQ-WW 320 3878.443084 1.986496 0.089135 66.103712 1.989604 0.089188 4.013895
CSQ-WW 350 3878.769081 1.810510 0.081245 65.933879 1.815150 0.081363 4.073247
CSQ-WW 380 3878.391470 1.680046 0.075359 66.335714 1.679758 0.075282 3.812505
CSQ-WW 410 3878.680415 1.553837 0.069662 66.252743 1.555261 0.069676 3.477819
CSQ-WW 440 3878.645538 1.440632 0.064581 65.931973 1.450846 0.064989 3.421935
CSQ-WW 470 3878.410792 1.356045 0.060799 66.253822 1.358091 0.060842 3.514702
CSQ-WW 500 3878.796519 1.272602 0.057036 66.201903 1.273201 0.057019 3.274380
CSQ-WW 1000 3878.579550 0.637982 0.028563 66.371007 0.638719 0.028586 2.329015
CSQ-WW 1500 3878.483809 0.423809 0.018968 66.210251 0.424798 0.019007 1.905165
CSQ-WW 2000 3878.629119 0.318148 0.014235 66.273981 0.318390 0.014244 1.578437
CSQ-WW 2500 3878.453464 0.254776 0.011399 66.313609 0.255055 0.011410 1.439472
CSQ-WW 3000 3878.605840 0.211802 0.009475 66.199258 0.212194 0.009492 1.270625
CSQ-WW 3500 3878.578014 0.181975 0.008141 66.323541 0.182126 0.008147 1.198313
CSQ-WW 4000 3878.537595 0.158875 0.007107 66.212134 0.159198 0.007121 1.117601
CSQ-WW 4500 3878.569746 0.141640 0.006336 66.368546 0.141623 0.006334 1.002922
CSQ-WW 5000 3878.484990 0.127431 0.005700 66.354462 0.127419 0.005699 1.008382
CSQ-WW 5500 3878.503714 0.115826 0.005181 66.355269 0.115722 0.005176 0.912792
CSQ-WW 6000 3878.457919 0.106234 0.004752 66.378563 0.106176 0.004749 0.906246
CSQ-WW 6500 3878.533776 0.097952 0.004381 66.326788 0.097903 0.004379 0.800422
CSQ-WW 7000 3878.490534 0.091055 0.004073 66.373732 0.091032 0.004071 0.782963
CSQ-WW 7500 3878.515441 0.084868 0.003796 66.308262 0.084851 0.003795 0.817413
CSQ-WW 8000 3878.536606 0.079666 0.003563 66.373125 0.079631 0.003562 0.770999
CSQ-WW 8500 3878.607271 0.074890 0.003350 66.310836 0.074892 0.003350 0.756042
CSQ-WW 9000 3878.522665 0.070778 0.003166 66.347725 0.070740 0.003164 0.746012
CSQ-WW 9500 3878.570103 0.066980 0.002996 66.293926 0.067025 0.002998 0.711744
CSQ-WW 10000 3878.568976 0.063679 0.002848 66.327289 0.063727 0.002850 0.717420
CSQ-WW 10500 3878.646074 0.060622 0.002711 66.310896 0.060649 0.002712 0.696378
CSQ-WW 11000 3878.655605 0.057911 0.002590 66.347052 0.057939 0.002591 0.653534
CSQ-WW 11500 3878.603053 0.055374 0.002477 66.329832 0.055413 0.002478 0.641746
CSQ-WW 12000 3878.588311 0.053073 0.002374 66.332743 0.053107 0.002375 0.641714
CSQ-WW 12500 3878.589692 0.050931 0.002278 66.316186 0.050970 0.002280 0.619434
CSQ-WW 13000 3878.591655 0.048947 0.002189 66.294152 0.048959 0.002190 0.601414
CSQ-WW 13500 3878.527980 0.047171 0.002110 66.329292 0.047179 0.002110 0.582919
CSQ-WW 14000 3878.529872 0.045474 0.002034 66.314554 0.045493 0.002035 0.570962
CSQ-WW 14500 3878.548980 0.043886 0.001963 66.296271 0.043888 0.001963 0.574727
CSQ-WW 15000 3878.527403 0.042423 0.001897 66.294854 0.042443 0.001898 0.583624
MLE 50 3878.764966 9.241985 0.415499 65.350696 6.536623 0.293892 6.727634
MLE 80 3878.346002 7.380743 0.331080 66.015370 5.218446 0.234086 5.151827
MLE 110 3878.501368 6.280421 0.281494 65.869613 4.440566 0.199030 4.395551
MLE 140 3878.203406 5.597644 0.250837 66.232217 3.957847 0.177356 4.201636
MLE 170 3878.523019 5.069088 0.227030 66.092816 3.584179 0.160526 3.588848
MLE 200 3878.531602 4.675037 0.209343 66.115007 3.305609 0.148022 3.356475
MLE 230 3878.333066 4.364910 0.195410 66.197136 3.086348 0.138171 3.040000
MLE 260 3878.704632 4.094330 0.183292 66.019083 2.895037 0.129603 2.991372
MLE 290 3878.234631 3.893258 0.174272 66.299790 2.752873 0.123225 2.843304
MLE 320 3878.420475 3.701867 0.165694 66.221006 2.617551 0.117160 2.733616
MLE 350 3878.346512 3.544228 0.158609 66.306426 2.506094 0.112151 2.433559
MLE 380 3878.434473 3.403391 0.152309 66.344303 2.406514 0.107696 2.457016
MLE 410 3878.596091 3.272357 0.146433 66.260181 2.313865 0.103542 2.303604
MLE 440 3878.452030 3.152765 0.141069 66.132965 2.229304 0.099749 2.135919
MLE 470 3878.328532 3.053830 0.136640 66.205447 2.159349 0.096618 2.098700
MLE 500 3878.205013 2.958078 0.132345 66.144627 2.091647 0.093581 1.919476
MLE 1000 3878.211035 2.096260 0.093773 66.289566 1.482275 0.066307 1.549817
MLE 1500 3878.233230 1.711759 0.076566 66.296142 1.210396 0.054141 1.278209
MLE 2000 3878.454085 1.481901 0.066282 66.272620 1.047864 0.046868 1.102076
MLE 2500 3878.496707 1.325161 0.059269 66.258043 0.937032 0.041910 0.948293
MLE 3000 3878.386619 1.210870 0.054156 66.322075 0.856216 0.038294 0.836209
MLE 3500 3878.388299 1.120148 0.050098 66.268858 0.792066 0.035425 0.821630
MLE 4000 3878.434053 1.048631 0.046899 66.321244 0.741496 0.033163 0.688835
MLE 4500 3878.346326 0.988274 0.044200 66.295455 0.698817 0.031254 0.715094
MLE 5000 3878.431791 0.937351 0.041921 66.280739 0.662809 0.029643 0.625576
MLE 5500 3878.486255 0.893848 0.039976 66.289517 0.632047 0.028267 0.626566
MLE 6000 3878.526840 0.856110 0.038288 66.313959 0.605363 0.027074 0.589367
MLE 6500 3878.570238 0.822390 0.036780 66.303200 0.581519 0.026007 0.563414
MLE 7000 3878.518647 0.793017 0.035466 66.348601 0.560750 0.025078 0.539296
MLE 7500 3878.507166 0.765773 0.034248 66.317922 0.541485 0.024217 0.544607
MLE 8000 3878.506501 0.741440 0.033159 66.316400 0.524279 0.023447 0.497622
MLE 8500 3878.494808 0.719315 0.032170 66.317609 0.508634 0.022747 0.499318
MLE 9000 3878.498706 0.699301 0.031275 66.341503 0.494482 0.022115 0.510163
MLE 9500 3878.508452 0.680313 0.030425 66.308709 0.481055 0.021514 0.478509
MLE 10000 3878.445613 0.663447 0.029671 66.344708 0.469129 0.020981 0.445770
MLE 10500 3878.418406 0.647301 0.028949 66.328634 0.457712 0.020470 0.445495
MLE 11000 3878.421684 0.632097 0.028269 66.294863 0.446961 0.019989 0.457864
MLE 11500 3878.383639 0.618077 0.027642 66.281398 0.437048 0.019546 0.404521
MLE 12000 3878.390687 0.605091 0.027061 66.284386 0.427865 0.019135 0.430512
MLE 12500 3878.348585 0.592798 0.026511 66.276881 0.419173 0.018746 0.411325
MLE 13000 3878.380273 0.581415 0.026002 66.291496 0.411123 0.018386 0.405272
MLE 13500 3878.419966 0.570749 0.025525 66.315042 0.403581 0.018049 0.381019
MLE 14000 3878.486595 0.560861 0.025083 66.361967 0.396590 0.017736 0.376042
MLE 14500 3878.510127 0.551171 0.024650 66.369836 0.389738 0.017430 0.401462
MLE 15000 3878.508320 0.541981 0.024239 66.378855 0.383239 0.017139 0.376458
