1FF903FF
84360007
4000001F
84358435
06000000
84360007
08000031
84358435
06000000
84360007
18000002
84358435
06000000
84360007
09000031
84358435
06000000
84360007
19000002
84358435
06000000
84360007
840000DF
84358435
06000000
84360007
4000003F
84358435
06000000
84360007
0800108F
84358435
06000000
84360007
00C2DBBD
84358435
06000000
84360007
18001003
84358435
06000000
84360007
0900108F
84358435
06000000
84360007
0162DBC5
84358435
06000000
84360007
01C2DBCD
84358435
06000000
84360007
0102DBD1
84358435
06000000
84360007
19001005
84358435
06000000
84360007
8400015F
84358435
06000000
84360007
4000005F
84358435
06000000
84360007
080020EC
84358435
06000000
84360007
18002002
84358435
06000000
84360007
090020EC
84358435
06000000
84360007
19002002
84358435
06000000
84360007
840000DF
84358435
06000000
84360007
4000007F
84358435
06000000
84360007
0800314A
84358435
06000000
84360007
18003002
84358435
06000000
84360007
0900314A
84358435
06000000
84360007
19003002
84358435
06000000
84360007
840000DF
84358435
06000000
84360007
4000009F
84358435
06000000
84360007
080041A7
84358435
06000000
84360007
18004002
84358435
06000000
84360007
090041A7
84358435
06000000
84360007
19004002
84358435
06000000
84360007
840000DF
84358435
06000000
84360007
400000BF
84358435
06000000
84360007
08005205
84358435
06000000
84360007
18005002
84358435
06000000
84360007
09005205
84358435
06000000
84360007
19005002
84358435
06000000
84360007
840000DF
84358435
06000000
84360007
400000DF
84358435
06000000
84360007
08006263
84358435
06000000
84360007
00CA2B9B
84358435
06000000
84360007
18006003
84358435
06000000
84360007
09006263
84358435
06000000
84360007
016A2BA3
84358435
06000000
84360007
01CA2BAB
84358435
06000000
84360007
010A2BAF
84358435
06000000
84360007
19006005
84358435
06000000
84360007
8400015F
84358435
06000000
84360007
400000FF
84358435
06000000
84360007
080072C0
84358435
06000000
84360007
18007002
84358435
06000000
84360007
090072C0
84358435
06000000
84360007
19007002
84358435
06000000
84360007
840000DF
84358435
06000000
84360007
4000011F
84358435
06000000
84360007
0800831E
84358435
06000000
84360007
18008002
84358435
06000000
84360007
0900831E
84358435
06000000
84360007
19008002
84358435
06000000
84360007
840000DF
84358435
06000000
84360007
4000013F
84358435
06000000
84360007
0800937B
84358435
06000000
84360007
18009002
84358435
06000000
84360007
0900937B
84358435
06000000
84360007
19009002
84358435
06000000
84360007
840000DF
84358435
06000000
84360007
4000015F
84358435
06000000
84360007
0800A3D9
84358435
06000000
84360007
1800A002
84358435
06000000
84360007
0900A3D9
84358435
06000000
84360007
1900A002
84358435
06000000
84360007
840000DF
84358435
06000000
84360007
4000017F
84358435
06000000
84360007
0800B437
84358435
06000000
84360007
00D17B92
84358435
06000000
84360007
1800B003
84358435
06000000
84360007
0900B437
84358435
06000000
84360007
01717B9B
84358435
06000000
84360007
01D17BA3
84358435
06000000
84360007
01117BA7
84358435
06000000
84360007
1900B005
84358435
06000000
84360007
8400015F
84358435
06000000
84360007
4000019F
84358435
06000000
84360007
0800C494
84358435
06000000
84360007
1800C002
84358435
06000000
84360007
0900C494
84358435
06000000
84360007
1900C002
84358435
06000000
84360007
840000DF
84358435
06000000
84360007
400001BF
84358435
06000000
84360007
0800D4F2
84358435
06000000
84360007
1800D002
84358435
06000000
84360007
0900D4F2
84358435
06000000
84360007
1900D002
84358435
06000000
84360007
840000DF
84358435
06000000
84360007
400001DF
84358435
06000000
84360007
0800E54F
84358435
06000000
84360007
1800E002
84358435
06000000
84360007
0900E54F
84358435
06000000
84360007
1900E002
84358435
06000000
84360007
840000DF
84358435
06000000
84360007
400001FF
84358435
06000000
84360007
0800F5AD
84358435
06000000
84360007
1800F002
84358435
06000000
84360007
0900F5AD
84358435
06000000
84360007
1900F002
84358435
06000000
84360007
840000DF
84358435
06000000
84360007
4000021F
84358435
06000000
84360007
0801060B
84358435
06000000
84360007
00D8CB5F
84358435
06000000
84360007
18010003
84358435
06000000
84360007
0901060B
84358435
06000000
84360007
0178CB68
84358435
06000000
84360007
01D8CB6F
84358435
06000000
84360007
0118CB73
84358435
06000000
84360007
19010005
84358435
06000000
84360007
8400015F
84358435
06000000
84360007
4000023F
84358435
06000000
84360007
08011668
84358435
06000000
84360007
18011002
84358435
06000000
84360007
09011668
84358435
06000000
84360007
19011002
84358435
06000000
84360007
840000DF
84358435
06000000
84360007
4000025F
84358435
06000000
84360007
080126C6
84358435
06000000
84360007
18012002
84358435
06000000
84360007
090126C6
84358435
06000000
84360007
19012002
84358435
06000000
84360007
840000DF
84358435
06000000
84360007
4000027F
84358435
06000000
84360007
08013723
84358435
06000000
84360007
18013002
84358435
06000000
84360007
09013723
84358435
06000000
84360007
19013002
84358435
06000000
84360007
840000DF
84358435
06000000
84360007
4000029F
84358435
06000000
84360007
08014781
84358435
06000000
84360007
18014002
84358435
06000000
84360007
09014781
84358435
06000000
84360007
19014002
84358435
06000000
84360007
840000DF
84358435
06000000
84360007
400002BF
84358435
06000000
84360007
080157DF
84358435
06000000
84360007
00C01B59
84358435
06000000
84360007
18015003
84358435
06000000
84360007
090157DF
84358435
06000000
84360007
01601B62
84358435
06000000
84360007
01C01B68
84358435
06000000
84360007
01001B6C
84358435
06000000
84360007
19015005
84358435
06000000
84360007
8400015F
84358435
06000000
84360007
400002DF
84358435
06000000
84360007
0801683C
84358435
06000000
84360007
18016002
84358435
06000000
84360007
0901683C
84358435
06000000
84360007
19016002
84358435
06000000
84360007
840000DF
84358435
06000000
84360007
400002FF
84358435
06000000
84360007
0801789A
84358435
06000000
84360007
18017002
84358435
06000000
84360007
0901789A
84358435
06000000
84360007
19017002
84358435
06000000
84360007
840000DF
84358435
06000000
84360007
4000031F
84358435
06000000
84360007
080188F7
84358435
06000000
84360007
18018002
84358435
06000000
84360007
090188F7
84358435
06000000
84360007
19018002
84358435
06000000
84360007
840000DF
84358435
06000000
84360007
4000033F
84358435
06000000
84360007
08019955
84358435
06000000
84360007
18019002
84358435
06000000
84360007
09019955
84358435
06000000
84360007
19019002
84358435
06000000
84360007
840000DF
84358435
06000000
84360007
4000035F
84358435
06000000
84360007
0801A9B3
84358435
06000000
84360007
00C76B42
84358435
06000000
84360007
1801A003
84358435
06000000
84360007
0901A9B3
84358435
06000000
84360007
01076B57
84358435
06000000
84360007
01676B4B
84358435
06000000
84360007
01C76B52
84358435
06000000
84360007
1901A005
84358435
06000000
84360007
8400015F
84358435
06000000
84360007
4000037F
84358435
06000000
84360007
0801BA10
84358435
06000000
84360007
1801B002
84358435
06000000
84360007
0901BA10
84358435
06000000
84360007
1901B002
84358435
06000000
84360007
840000DF
84358435
06000000
84360007
4000039F
84358435
06000000
84360007
0801CA6E
84358435
06000000
84360007
1801C002
84358435
06000000
84360007
0901CA6E
84358435
06000000
84360007
1901C002
84358435
06000000
84360007
840000DF
84358435
06000000
84360007
400003BF
84358435
06000000
84360007
0801DACB
84358435
06000000
84360007
1801D002
84358435
06000000
84360007
0901DACB
84358435
06000000
84360007
1901D002
84358435
06000000
84360007
840000DF
84358435
06000000
84360007
400003DF
84358435
06000000
84360007
0801EB29
84358435
06000000
84360007
1801E002
84358435
06000000
84360007
0901EB29
84358435
06000000
84360007
1901E002
84358435
06000000
84360007
840000DF
84358435
06000000
84360007
400003FF
84358435
06000000
84360007
0801FB87
84358435
06000000
84360007
00CEBB1B
84358435
06000000
84360007
1801F003
84358435
06000000
84360007
0901FB87
84358435
06000000
84360007
016EBB24
84358435
06000000
84360007
01CEBB2A
84358435
06000000
84360007
010EBB2F
84358435
06000000
84360007
1901F005
84358435
06000000
84360007
8400015F
84358435
06000000
84360007
4000041F
84358435
06000000
84360007
08020BE4
84358435
06000000
84360007
18020002
84358435
06000000
84360007
09020BE4
84358435
06000000
84360007
19020002
84358435
06000000
84360007
840000DF
84358435
06000000
84360007
4000043F
84358435
06000000
84360007
08021C42
84358435
06000000
84360007
00D1A7D7
84358435
06000000
84360007
18021003
84358435
06000000
84360007
09021C42
84358435
06000000
84360007
0171A7DF
84358435
06000000
84360007
01D1A7E9
84358435
06000000
84360007
0111A7ED
84358435
06000000
84360007
19021005
84358435
06000000
84360007
8400015F
84358435
06000000
84360007
4000045F
84358435
06000000
84360007
08022C9F
84358435
06000000
84360007
18022002
84358435
06000000
84360007
09022C9F
84358435
06000000
84360007
19022002
84358435
06000000
84360007
840000DF
84358435
06000000
84360007
4000047F
84358435
06000000
84360007
08023CFD
84358435
06000000
84360007
18023002
84358435
06000000
84360007
09023CFD
84358435
06000000
84360007
19023002
84358435
06000000
84360007
840000DF
84358435
06000000
84360007
4000049F
84358435
06000000
84360007
08024D5A
84358435
06000000
84360007
18024002
84358435
06000000
84360007
09024D5A
84358435
06000000
84360007
19024002
84358435
06000000
84360007
840000DF
84358435
06000000
84360007
400004BF
84358435
06000000
84360007
08025DB8
84358435
06000000
84360007
18025002
84358435
06000000
84360007
09025DB8
84358435
06000000
84360007
19025002
84358435
06000000
84360007
840000DF
84358435
06000000
84360007
400004DF
84358435
06000000
84360007
08026E16
84358435
06000000
84360007
00D8F7B3
84358435
06000000
84360007
18026003
84358435
06000000
84360007
09026E16
84358435
06000000
84360007
0178F7BC
84358435
06000000
84360007
01D8F7C3
84358435
06000000
84360007
0118F7C8
84358435
06000000
84360007
19026005
84358435
06000000
84360007
8400015F
84358435
06000000
84360007
400004FF
84358435
06000000
84360007
08027E73
84358435
06000000
84360007
18027002
84358435
06000000
84360007
09027E73
84358435
06000000
84360007
19027002
84358435
06000000
84360007
840000DF
84358435
06000000
84360007
4000051F
84358435
06000000
84360007
08028ED1
84358435
06000000
84360007
18028002
84358435
06000000
84360007
09028ED1
84358435
06000000
84360007
19028002
84358435
06000000
84360007
840000DF
84358435
06000000
84360007
4000053F
84358435
06000000
84360007
08029F2E
84358435
06000000
84360007
18029002
84358435
06000000
84360007
09029F2E
84358435
06000000
84360007
19029002
84358435
06000000
84360007
840000DF
84358435
06000000
84360007
4000055F
84358435
06000000
84360007
0802AF8C
84358435
06000000
84360007
1802A002
84358435
06000000
84360007
0902AF8C
84358435
06000000
84360007
1902A002
84358435
06000000
84360007
840000DF
84358435
06000000
84360007
4000057F
84358435
06000000
84360007
0802BFEA
84358435
06000000
84360007
00C047B3
84358435
06000000
84360007
1802B003
84358435
06000000
84360007
0902BFEA
84358435
06000000
84360007
016047BD
84358435
06000000
84360007
01C047C4
84358435
06000000
84360007
010047C8
84358435
06000000
84360007
1902B005
84358435
06000000
84360007
8400015F
84358435
06000000
84360007
4000059F
84358435
06000000
84360007
0802C047
84358435
06000000
84360007
1802C002
84358435
06000000
84360007
0902C047
84358435
06000000
84360007
1902C002
84358435
06000000
84360007
840000DF
84358435
06000000
84360007
400005BF
84358435
06000000
84360007
0802D0A5
84358435
06000000
84360007
1802D002
84358435
06000000
84360007
0902D0A5
84358435
06000000
84360007
1902D002
84358435
06000000
84360007
840000DF
84358435
06000000
84360007
400005DF
84358435
06000000
84360007
0802E102
84358435
06000000
84360007
1802E002
84358435
06000000
84360007
0902E102
84358435
06000000
84360007
1902E002
84358435
06000000
84360007
840000DF
84358435
06000000
84360007
400005FF
84358435
06000000
84360007
0802F160
84358435
06000000
84360007
1802F002
84358435
06000000
84360007
0902F160
84358435
06000000
84360007
1902F002
84358435
06000000
84360007
840000DF
84358435
06000000
84360007
4000061F
84358435
06000000
84360007
080301BE
84358435
06000000
84360007
00C797B9
84358435
06000000
84360007
18030003
84358435
06000000
84360007
090301BE
84358435
06000000
84360007
010797CE
84358435
06000000
84360007
016797C3
84358435
06000000
84360007
01C797CA
84358435
06000000
84360007
19030005
84358435
06000000
84360007
8400015F
84358435
06000000
84360007
4000063F
84358435
06000000
84360007
0803121B
84358435
06000000
84360007
18031002
84358435
06000000
84360007
0903121B
84358435
06000000
84360007
19031002
84358435
06000000
84360007
840000DF
84358435
06000000
84360007
4000065F
84358435
06000000
84360007
08032279
84358435
06000000
84360007
18032002
84358435
06000000
84360007
09032279
84358435
06000000
84360007
19032002
84358435
06000000
84360007
840000DF
84358435
06000000
84360007
4000067F
84358435
06000000
84360007
080332D6
84358435
06000000
84360007
18033002
84358435
06000000
84360007
090332D6
84358435
06000000
84360007
19033002
84358435
06000000
84360007
840000DF
84358435
06000000
84360007
4000069F
84358435
06000000
84360007
08034334
84358435
06000000
84360007
18034002
84358435
06000000
84360007
09034334
84358435
06000000
84360007
19034002
84358435
06000000
84360007
840000DF
84358435
06000000
84360007
400006BF
84358435
06000000
84360007
08035392
84358435
06000000
84360007
00CEE79F
84358435
06000000
84360007
18035003
84358435
06000000
84360007
09035392
84358435
06000000
84360007
010EE7B5
84358435
06000000
84360007
016EE7AA
84358435
06000000
84360007
01CEE7AF
84358435
06000000
84360007
19035005
84358435
06000000
84360007
8400015F
84358435
06000000
84360007
400006DF
84358435
06000000
84360007
080363EF
84358435
06000000
84360007
18036002
84358435
06000000
84360007
090363EF
84358435
06000000
84360007
19036002
84358435
06000000
84360007
840000DF
84358435
06000000
84360007
400006FF
84358435
06000000
84360007
0803744D
84358435
06000000
84360007
18037002
84358435
06000000
84360007
0903744D
84358435
06000000
84360007
19037002
84358435
06000000
84360007
840000DF
84358435
06000000
84360007
4000071F
84358435
06000000
84360007
080384AA
84358435
06000000
84360007
18038002
84358435
06000000
84360007
090384AA
84358435
06000000
84360007
19038002
84358435
06000000
84360007
840000DF
84358435
06000000
84360007
4000073F
84358435
06000000
84360007
08039508
84358435
06000000
84360007
18039002
84358435
06000000
84360007
09039508
84358435
06000000
84360007
19039002
84358435
06000000
84360007
840000DF
84358435
06000000
84360007
4000075F
84358435
06000000
84360007
0803A566
84358435
06000000
84360007
00D63769
84358435
06000000
84360007
1803A003
84358435
06000000
84360007
0903A566
84358435
06000000
84360007
0116377D
84358435
06000000
84360007
01763772
84358435
06000000
84360007
01D63779
84358435
06000000
84360007
1903A005
84358435
06000000
84360007
8400015F
84358435
06000000
84360007
4000077F
84358435
06000000
84360007
0803B5C3
84358435
06000000
84360007
1803B002
84358435
06000000
84360007
0903B5C3
84358435
06000000
84360007
1903B002
84358435
06000000
84360007
840000DF
84358435
06000000
84360007
4000079F
84358435
06000000
84360007
0803C621
84358435
06000000
84360007
1803C002
84358435
06000000
84360007
0903C621
84358435
06000000
84360007
1903C002
84358435
06000000
84360007
840000DF
84358435
06000000
84360007
400007BF
84358435
06000000
84360007
0803D67E
84358435
06000000
84360007
1803D002
84358435
06000000
84360007
0903D67E
84358435
06000000
84360007
1903D002
84358435
06000000
84360007
840000DF
84358435
06000000
84360007
400007DF
84358435
06000000
84360007
0803E6DC
84358435
06000000
84360007
1803E002
84358435
06000000
84360007
0903E6DC
84358435
06000000
84360007
1903E002
84358435
06000000
84360007
840000DF
84358435
06000000
84360007
400007FF
84358435
06000000
84360007
0803F73A
84358435
06000000
84360007
00DD8756
84358435
06000000
84360007
1803F003
84358435
06000000
84360007
0903F73A
84358435
06000000
84360007
011D8769
84358435
06000000
84360007
017D875D
84358435
06000000
84360007
01DD8765
84358435
06000000
84360007
1903F005
84358435
06000000
84360007
8400015F
84358435
06000000
84360007
4000081F
84358435
06000000
84360007
08040797
84358435
06000000
84360007
18040002
84358435
06000000
84360007
09040797
84358435
06000000
84360007
19040002
84358435
06000000
84360007
840000DF
84358435
06000000
84360007
4000083F
84358435
06000000
84360007
080417F5
84358435
06000000
84360007
18041002
84358435
06000000
84360007
090417F5
84358435
06000000
84360007
19041002
84358435
06000000
84360007
840000DF
84358435
06000000
84360007
4000085F
84358435
06000000
84360007
08042852
84358435
06000000
84360007
18042002
84358435
06000000
84360007
09042852
84358435
06000000
84360007
19042002
84358435
06000000
84360007
840000DF
84358435
06000000
84360007
4000087F
84358435
06000000
84360007
080438B0
84358435
06000000
84360007
18043002
84358435
06000000
84360007
090438B0
84358435
06000000
84360007
19043002
84358435
06000000
84360007
840000DF
84358435
06000000
84360007
4000089F
84358435
06000000
84360007
0804490E
84358435
06000000
84360007
00C4D733
84358435
06000000
84360007
18044003
84358435
06000000
84360007
0904490E
84358435
06000000
84360007
0164D73D
84358435
06000000
84360007
01C4D744
84358435
06000000
84360007
0104D749
84358435
06000000
84360007
19044005
84358435
06000000
84360007
8400015F
84358435
06000000
84360007
400008BF
84358435
06000000
84360007
0804596B
84358435
06000000
84360007
18045002
84358435
06000000
84360007
0904596B
84358435
06000000
84360007
19045002
84358435
06000000
84360007
840000DF
84358435
06000000
84360007
400008DF
84358435
06000000
84360007
080469C9
84358435
06000000
84360007
00C7C3E3
84358435
06000000
84360007
18046003
84358435
06000000
84360007
090469C9
84358435
06000000
84360007
0107C3F8
84358435
06000000
84360007
0167C3EC
84358435
06000000
84360007
01C7C3F2
84358435
06000000
84360007
19046005
84358435
06000000
84360007
8400015F
84358435
06000000
84360007
400008FF
84358435
06000000
84360007
08047A26
84358435
06000000
84360007
18047002
84358435
06000000
84360007
09047A26
84358435
06000000
84360007
19047002
84358435
06000000
84360007
840000DF
84358435
06000000
84360007
4000091F
84358435
06000000
84360007
08048A84
84358435
06000000
84360007
18048002
84358435
06000000
84360007
09048A84
84358435
06000000
84360007
19048002
84358435
06000000
84360007
840000DF
84358435
06000000
84360007
4000093F
84358435
06000000
84360007
08049AE2
84358435
06000000
84360007
00CC271B
84358435
06000000
84360007
18049003
84358435
06000000
84360007
09049AE2
84358435
06000000
84360007
010C2731
84358435
06000000
84360007
016C2724
84358435
06000000
84360007
01CC272C
84358435
06000000
84360007
19049005
84358435
06000000
84360007
8400015F
84358435
06000000
84360007
4000095F
84358435
06000000
84360007
0804AB3F
84358435
06000000
84360007
1804A002
84358435
06000000
84360007
0904AB3F
84358435
06000000
84360007
1904A002
84358435
06000000
84360007
840000DF
84358435
06000000
84360007
4000097F
84358435
06000000
84360007
0804BB9D
84358435
06000000
84360007
00CF13CE
84358435
06000000
84360007
1804B003
84358435
06000000
84360007
0904BB9D
84358435
06000000
84360007
016F13D7
84358435
06000000
84360007
01CF13DF
84358435
06000000
84360007
010F13E4
84358435
06000000
84360007
1904B005
84358435
06000000
84360007
8400015F
84358435
06000000
84360007
4000099F
84358435
06000000
84360007
0804CBFA
84358435
06000000
84360007
1804C002
84358435
06000000
84360007
0904CBFA
84358435
06000000
84360007
1904C002
84358435
06000000
84360007
840000DF
84358435
06000000
84360007
400009BF
84358435
06000000
84360007
0804DC58
84358435
06000000
84360007
1804D002
84358435
06000000
84360007
0904DC58
84358435
06000000
84360007
1904D002
84358435
06000000
84360007
840000DF
84358435
06000000
84360007
400009DF
84358435
06000000
84360007
0804ECB5
84358435
06000000
84360007
1804E002
84358435
06000000
84360007
0904ECB5
84358435
06000000
84360007
1904E002
84358435
06000000
84360007
840000DF
84358435
06000000
84360007
400009FF
84358435
06000000
84360007
0804FD13
84358435
06000000
84360007
1804F002
84358435
06000000
84360007
0904FD13
84358435
06000000
84360007
1904F002
84358435
06000000
84360007
840000DF
84358435
06000000
84360007
40000A1F
84358435
06000000
84360007
08050D71
84358435
06000000
84360007
00D66379
84358435
06000000
84360007
18050003
84358435
06000000
84360007
09050D71
84358435
06000000
84360007
01766382
84358435
06000000
84360007
01D6638A
84358435
06000000
84360007
0116638E
84358435
06000000
84360007
19050005
84358435
06000000
84360007
8400015F
84358435
06000000
84360007
40000A3F
84358435
06000000
84360007
08051DCE
84358435
06000000
84360007
18051002
84358435
06000000
84360007
09051DCE
84358435
06000000
84360007
19051002
84358435
06000000
84360007
840000DF
84358435
06000000
84360007
40000A5F
84358435
06000000
84360007
08052E2C
84358435
06000000
84360007
18052002
84358435
06000000
84360007
09052E2C
84358435
06000000
84360007
19052002
84358435
06000000
84360007
840000DF
84358435
06000000
84360007
40000A7F
84358435
06000000
84360007
08053E89
84358435
06000000
84360007
18053002
84358435
06000000
84360007
09053E89
84358435
06000000
84360007
19053002
84358435
06000000
84360007
840000DF
84358435
06000000
84360007
40000A9F
84358435
06000000
84360007
08054EE7
84358435
06000000
84360007
18054002
84358435
06000000
84360007
09054EE7
84358435
06000000
84360007
19054002
84358435
06000000
84360007
840000DF
84358435
06000000
84360007
40000ABF
84358435
06000000
84360007
08055F45
84358435
06000000
84360007
00DDB35D
84358435
06000000
84360007
18055003
84358435
06000000
84360007
09055F45
84358435
06000000
84360007
017DB364
84358435
06000000
84360007
01DDB36C
84358435
06000000
84360007
011DB36F
84358435
06000000
84360007
19055005
84358435
06000000
84360007
8400015F
84358435
06000000
84360007
40000ADF
84358435
06000000
84360007
08056FA2
84358435
06000000
84360007
18056002
84358435
06000000
84360007
09056FA2
84358435
06000000
84360007
19056002
84358435
06000000
84360007
840000DF
84358435
06000000
84360007
40000AFF
84358435
06000000
84360007
08057000
84358435
06000000
84360007
00C09FFD
84358435
06000000
84360007
18057003
84358435
06000000
84360007
09057000
84358435
06000000
84360007
19057002
84358435
06000000
84360007
840000FF
84358435
06000000
84360007
40000B1F
84358435
06000000
84360007
0805805D
84358435
06000000
84360007
18058002
84358435
06000000
84360007
0905805D
84358435
06000000
84360007
19058002
84358435
06000000
84360007
840000DF
84358435
06000000
84360007
40000B3F
84358435
06000000
84360007
080590BB
84358435
06000000
84360007
18059002
84358435
06000000
84360007
090590BB
84358435
06000000
84360007
19059002
84358435
06000000
84360007
840000DF
84358435
06000000
84360007
40000B5F
84358435
06000000
84360007
0805A118
84358435
06000000
84360007
1805A002
84358435
06000000
84360007
0905A118
84358435
06000000
84360007
1905A002
84358435
06000000
84360007
840000DF
84358435
06000000
84360007
40000B7F
84358435
06000000
84360007
0805B176
84358435
06000000
84360007
1805B002
84358435
06000000
84360007
0905B176
84358435
06000000
84360007
1905B002
84358435
06000000
84360007
840000DF
84358435
06000000
84360007
40000B9F
84358435
06000000
84360007
0805C1D4
84358435
06000000
84360007
00C7EFBC
84358435
06000000
84360007
1805C003
84358435
06000000
84360007
0905C1D4
84358435
06000000
84360007
0167EFC4
84358435
06000000
84360007
01C7EFCD
84358435
06000000
84360007
0107EFD1
84358435
06000000
84360007
1905C005
84358435
06000000
84360007
8400015F
84358435
06000000
84360007
40000BBF
84358435
06000000
84360007
0805D231
84358435
06000000
84360007
1805D002
84358435
06000000
84360007
0905D231
84358435
06000000
84360007
1905D002
84358435
06000000
84360007
840000DF
84358435
06000000
84360007
40000BDF
84358435
06000000
84360007
0805E28F
84358435
06000000
84360007
1805E002
84358435
06000000
84360007
0905E28F
84358435
06000000
84360007
1905E002
84358435
06000000
84360007
840000DF
84358435
06000000
84360007
40000BFF
84358435
06000000
84360007
0805F2EC
84358435
06000000
84360007
1805F002
84358435
06000000
84360007
0905F2EC
84358435
06000000
84360007
1905F002
84358435
06000000
84360007
840000DF
84358435
06000000
84360007
40000C1F
84358435
06000000
84360007
0806034A
84358435
06000000
84360007
18060002
84358435
06000000
84360007
0906034A
84358435
06000000
84360007
19060002
84358435
06000000
84360007
840000DF
84358435
06000000
84360007
40000C3F
84358435
06000000
84360007
080613A8
84358435
06000000
84360007
00CF3FA2
84358435
06000000
84360007
18061003
84358435
06000000
84360007
090613A8
84358435
06000000
84360007
016F3FAB
84358435
06000000
84360007
01CF3FB3
84358435
06000000
84360007
010F3FB7
84358435
06000000
84360007
19061005
84358435
06000000
84360007
8400015F
84358435
06000000
84360007
40000C5F
84358435
06000000
84360007
08062405
84358435
06000000
84360007
18062002
84358435
06000000
84360007
09062405
84358435
06000000
84360007
19062002
84358435
06000000
84360007
840000DF
84358435
06000000
84360007
40000C7F
84358435
06000000
84360007
08063463
84358435
06000000
84360007
18063002
84358435
06000000
84360007
09063463
84358435
06000000
84360007
19063002
84358435
06000000
84360007
840000DF
84358435
06000000
84360007
40000C9F
84358435
06000000
84360007
080644C0
84358435
06000000
84360007
18064002
84358435
06000000
84360007
090644C0
84358435
06000000
84360007
19064002
84358435
06000000
84360007
840000DF
84358435
06000000
84360007
40000CBF
84358435
06000000
84360007
0806551E
84358435
06000000
84360007
18065002
84358435
06000000
84360007
0906551E
84358435
06000000
84360007
19065002
84358435
06000000
84360007
840000DF
84358435
06000000
84360007
40000CDF
84358435
06000000
84360007
0806657C
84358435
06000000
84360007
00D68F45
84358435
06000000
84360007
18066003
84358435
06000000
84360007
0906657C
84358435
06000000
84360007
01768F4F
84358435
06000000
84360007
01D68F57
84358435
06000000
84360007
01168F5B
84358435
06000000
84360007
19066005
84358435
06000000
84360007
8400015F
84358435
06000000
84360007
40000CFF
84358435
06000000
84360007
080675D9
84358435
06000000
84360007
18067002
84358435
06000000
84360007
090675D9
84358435
06000000
84360007
19067002
84358435
06000000
84360007
840000DF
84358435
06000000
84360007
40000D1F
84358435
06000000
84360007
08068637
84358435
06000000
84360007
00D97BF1
84358435
06000000
84360007
18068003
84358435
06000000
84360007
09068637
84358435
06000000
84360007
01797BFB
84358435
06000000
84360007
19068003
84358435
06000000
84360007
8400011F
84358435
06000000
84360007
40000D3F
84358435
06000000
84360007
08069694
84358435
06000000
84360007
18069002
84358435
06000000
84360007
09069694
84358435
06000000
84360007
19069002
84358435
06000000
84360007
840000DF
84358435
06000000
84360007
40000D5F
84358435
06000000
84360007
0806A6F2
84358435
06000000
84360007
1806A002
84358435
06000000
84360007
0906A6F2
84358435
06000000
84360007
1906A002
84358435
06000000
84360007
840000DF
84358435
06000000
84360007
40000D7F
84358435
06000000
84360007
0806B74F
84358435
06000000
84360007
1806B002
84358435
06000000
84360007
0906B74F
84358435
06000000
84360007
1906B002
84358435
06000000
84360007
840000DF
84358435
06000000
84360007
40000D9F
84358435
06000000
84360007
0806C7AD
84358435
06000000
84360007
1806C002
84358435
06000000
84360007
0906C7AD
84358435
06000000
84360007
1906C002
84358435
06000000
84360007
840000DF
84358435
06000000
84360007
40000DBF
84358435
06000000
84360007
0806D80B
84358435
06000000
84360007
00C0CBDC
84358435
06000000
84360007
1806D003
84358435
06000000
84360007
0906D80B
84358435
06000000
84360007
0160CBE4
84358435
06000000
84360007
01C0CBEB
84358435
06000000
84360007
0100CBF1
84358435
06000000
84360007
1906D005
84358435
06000000
84360007
8400015F
84358435
06000000
84360007
40000DDF
84358435
06000000
84360007
0806E868
84358435
06000000
84360007
1806E002
84358435
06000000
84360007
0906E868
84358435
06000000
84360007
1906E002
84358435
06000000
84360007
840000DF
84358435
06000000
84360007
40000DFF
84358435
06000000
84360007
0806F8C6
84358435
06000000
84360007
1806F002
84358435
06000000
84360007
0906F8C6
84358435
06000000
84360007
1906F002
84358435
06000000
84360007
840000DF
84358435
06000000
84360007
40000E1F
84358435
06000000
84360007
08070923
84358435
06000000
84360007
18070002
84358435
06000000
84360007
09070923
84358435
06000000
84360007
19070002
84358435
06000000
84360007
840000DF
84358435
06000000
84360007
40000E3F
84358435
06000000
84360007
08071981
84358435
06000000
84360007
18071002
84358435
06000000
84360007
09071981
84358435
06000000
84360007
19071002
84358435
06000000
84360007
840000DF
84358435
06000000
84360007
40000E5F
84358435
06000000
84360007
080729DF
84358435
06000000
84360007
00C81BAB
84358435
06000000
84360007
18072003
84358435
06000000
84360007
090729DF
84358435
06000000
84360007
01681BB3
84358435
06000000
84360007
01C81BBB
84358435
06000000
84360007
01081BC0
84358435
06000000
84360007
19072005
84358435
06000000
84360007
8400015F
84358435
06000000
84360007
40000E7F
84358435
06000000
84360007
08073A3C
84358435
06000000
84360007
18073002
84358435
06000000
84360007
09073A3C
84358435
06000000
84360007
19073002
84358435
06000000
84360007
840000DF
84358435
06000000
84360007
40000E9F
84358435
06000000
84360007
08074A9A
84358435
06000000
84360007
18074002
84358435
06000000
84360007
09074A9A
84358435
06000000
84360007
19074002
84358435
06000000
84360007
840000DF
84358435
06000000
84360007
40000EBF
84358435
06000000
84360007
08075AF7
84358435
06000000
84360007
18075002
84358435
06000000
84360007
09075AF7
84358435
06000000
84360007
19075002
84358435
06000000
84360007
840000DF
84358435
06000000
84360007
40000EDF
84358435
06000000
84360007
08076B55
84358435
06000000
84360007
18076002
84358435
06000000
84360007
09076B55
84358435
06000000
84360007
19076002
84358435
06000000
84360007
840000DF
84358435
06000000
84360007
40000EFF
84358435
06000000
84360007
08077BB3
84358435
06000000
84360007
00CF6B8E
84358435
06000000
84360007
18077003
84358435
06000000
84360007
09077BB3
84358435
06000000
84360007
016F6B97
84358435
06000000
84360007
01CF6B9F
84358435
06000000
84360007
010F6BA3
84358435
06000000
84360007
19077005
84358435
06000000
84360007
8400015F
84358435
06000000
84360007
40000F1F
84358435
06000000
84360007
08078C10
84358435
06000000
84360007
18078002
84358435
06000000
84360007
09078C10
84358435
06000000
84360007
19078002
84358435
06000000
84360007
840000DF
84358435
06000000
84360007
40000F3F
84358435
06000000
84360007
08079C6E
84358435
06000000
84360007
18079002
84358435
06000000
84360007
09079C6E
84358435
06000000
84360007
19079002
84358435
06000000
84360007
840000DF
84358435
06000000
84360007
40000F5F
84358435
06000000
84360007
0807ACCB
84358435
06000000
84360007
1807A002
84358435
06000000
84360007
0907ACCB
84358435
06000000
84360007
1907A002
84358435
06000000
84360007
840000DF
84358435
06000000
84360007
40000F7F
84358435
06000000
84360007
0807BD29
84358435
06000000
84360007
1807B002
84358435
06000000
84360007
0907BD29
84358435
06000000
84360007
1907B002
84358435
06000000
84360007
840000DF
84358435
06000000
84360007
40000F9F
84358435
06000000
84360007
0807CD87
84358435
06000000
84360007
00D6BB86
84358435
06000000
84360007
1807C003
84358435
06000000
84360007
0907CD87
84358435
06000000
84360007
0116BB9D
84358435
06000000
84360007
0176BB90
84358435
06000000
84360007
01D6BB97
84358435
06000000
84360007
1907C005
84358435
06000000
84360007
8400015F
84358435
06000000
84360007
40000FBF
84358435
06000000
84360007
0807DDE4
84358435
06000000
84360007
1807D002
84358435
06000000
84360007
0907DDE4
84358435
06000000
84360007
1907D002
84358435
06000000
84360007
840000DF
84358435
06000000
84360007
40000FDF
84358435
06000000
84360007
0807EE42
84358435
06000000
84360007
1807E002
84358435
06000000
84360007
0907EE42
84358435
06000000
84360007
1907E002
84358435
06000000
84360007
840000DF
84358435
06000000
84360007
40000FFF
84358435
06000000
84360007
0807FE9F
84358435
06000000
84360007
1807F002
84358435
06000000
84360007
0907FE9F
84358435
06000000
84360007
1907F002
84358435
06000000
84360007
840000DF
84358435
06000000
84360007
4000101F
84358435
06000000
84360007
08080EFD
84358435
06000000
84360007
18080002
84358435
06000000
84360007
09080EFD
84358435
06000000
84360007
19080002
84358435
06000000
84360007
840000DF
84358435
06000000
84360007
4000103F
84358435
06000000
84360007
08081F5B
84358435
06000000
84360007
00DE0B2D
84358435
06000000
84360007
18081003
84358435
06000000
84360007
09081F5B
84358435
06000000
84360007
011E0B43
84358435
06000000
84360007
017E0B36
84358435
06000000
84360007
01DE0B3E
84358435
06000000
84360007
19081005
84358435
06000000
84360007
8400015F
84358435
06000000
84360007
4000105F
84358435
06000000
84360007
08082FB8
84358435
06000000
84360007
18082002
84358435
06000000
84360007
09082FB8
84358435
06000000
84360007
19082002
84358435
06000000
84360007
840000DF
84358435
06000000
84360007
4000107F
84358435
06000000
84360007
08083016
84358435
06000000
84360007
00C0F7DF
84358435
06000000
84360007
18083003
84358435
06000000
84360007
09083016
84358435
06000000
84360007
0100F7F4
84358435
06000000
84360007
0160F7E9
84358435
06000000
84360007
01C0F7EE
84358435
06000000
84360007
19083005
84358435
06000000
84360007
8400015F
84358435
06000000
84360007
4000109F
84358435
06000000
84360007
08084073
84358435
06000000
84360007
18084002
84358435
06000000
84360007
09084073
84358435
06000000
84360007
19084002
84358435
06000000
84360007
840000DF
84358435
06000000
84360007
400010BF
84358435
06000000
84360007
080850D1
84358435
06000000
84360007
18085002
84358435
06000000
84360007
090850D1
84358435
06000000
84360007
19085002
84358435
06000000
84360007
840000DF
84358435
06000000
84360007
400010DF
84358435
06000000
84360007
0808612E
84358435
06000000
84360007
18086002
84358435
06000000
84360007
0908612E
84358435
06000000
84360007
19086002
84358435
06000000
84360007
840000DF
84358435
06000000
84360007
400010FF
84358435
06000000
84360007
0808718C
84358435
06000000
84360007
18087002
84358435
06000000
84360007
0908718C
84358435
06000000
84360007
19087002
84358435
06000000
84360007
840000DF
84358435
06000000
84360007
4000111F
84358435
06000000
84360007
080881EA
84358435
06000000
84360007
00C847B1
84358435
06000000
84360007
18088003
84358435
06000000
84360007
090881EA
84358435
06000000
84360007
010847C7
84358435
06000000
84360007
016847BB
84358435
06000000
84360007
01C847C3
84358435
06000000
84360007
19088005
84358435
06000000
84360007
8400015F
84358435
06000000
84360007
4000113F
84358435
06000000
84360007
08089247
84358435
06000000
84360007
18089002
84358435
06000000
84360007
09089247
84358435
06000000
84360007
19089002
84358435
06000000
84360007
840000DF
84358435
06000000
84360007
4000115F
84358435
06000000
84360007
0808A2A5
84358435
06000000
84360007
1808A002
84358435
06000000
84360007
0908A2A5
84358435
06000000
84360007
1908A002
84358435
06000000
84360007
840000DF
84358435
06000000
84360007
4000117F
84358435
06000000
84360007
0808B302
84358435
06000000
84360007
1808B002
84358435
06000000
84360007
0908B302
84358435
06000000
84360007
1908B002
84358435
06000000
84360007
840000DF
84358435
06000000
84360007
4000119F
84358435
06000000
84360007
0808C360
84358435
06000000
84360007
1808C002
84358435
06000000
84360007
0908C360
84358435
06000000
84360007
1908C002
84358435
06000000
84360007
840000DF
84358435
06000000
84360007
400011BF
84358435
06000000
84360007
0808D3BE
84358435
06000000
84360007
00CF979F
84358435
06000000
84360007
1808D003
84358435
06000000
84360007
0908D3BE
84358435
06000000
84360007
016F97A7
84358435
06000000
84360007
01CF97AF
84358435
06000000
84360007
010F97B3
84358435
06000000
84360007
1908D005
84358435
06000000
84360007
8400015F
84358435
06000000
84360007
400011DF
84358435
06000000
84360007
0808E41B
84358435
06000000
84360007
1808E002
84358435
06000000
84360007
0908E41B
84358435
06000000
84360007
1908E002
84358435
06000000
84360007
840000DF
84358435
06000000
84360007
400011FF
84358435
06000000
84360007
0808F479
84358435
06000000
84360007
1808F002
84358435
06000000
84360007
0908F479
84358435
06000000
84360007
1908F002
84358435
06000000
84360007
840000DF
84358435
06000000
84360007
4000121F
84358435
06000000
84360007
080904D6
84358435
06000000
84360007
18090002
84358435
06000000
84360007
090904D6
84358435
06000000
84360007
19090002
84358435
06000000
84360007
840000DF
84358435
06000000
84360007
4000123F
84358435
06000000
84360007
08091534
84358435
06000000
84360007
18091002
84358435
06000000
84360007
09091534
84358435
06000000
84360007
19091002
84358435
06000000
84360007
840000DF
84358435
06000000
84360007
4000125F
84358435
06000000
84360007
08092592
84358435
06000000
84360007
00D6E784
84358435
06000000
84360007
18092003
84358435
06000000
84360007
09092592
84358435
06000000
84360007
0116E798
84358435
06000000
84360007
0176E78D
84358435
06000000
84360007
01D6E794
84358435
06000000
84360007
19092005
84358435
06000000
84360007
8400015F
84358435
06000000
84360007
4000127F
84358435
06000000
84360007
080935EF
84358435
06000000
84360007
18093002
84358435
06000000
84360007
090935EF
84358435
06000000
84360007
19093002
84358435
06000000
84360007
840000DF
84358435
06000000
84360007
4000129F
84358435
06000000
84360007
0809464D
84358435
06000000
84360007
18094002
84358435
06000000
84360007
0909464D
84358435
06000000
FFFFFFFF
00000000
00000000
