20481
5003	8	5643
20481
5003	8	59380
20481
20481
20481
5003	8	17594
20481
5003	8	14221
20481
5003	8	94
20481
5003	8	10817
20481
20481
20481
5003	8	61409
20481
20481
20481
5003	8	9055
20481
20481
5003	8	15556
20481
5003	8	53004
20481
5003	8	41969
20481
20481
5003	8	24263
20481
20481
5003	8	8029
20481
5003	8	36241
20481
20481
20481
5003	8	4504
20481
5003	8	35259
20481
5003	8	14861
20481
5003	8	11218
20481
20481
5003	8	20434
20481
5003	8	105
20481
20481
20481
20481
5003	8	62562
20481
20481
5003	8	3198
20481
5003	8	2815
20481
5003	8	56999
20481
5003	8	14442
20481
5003	8	48597
20481
5003	8	20495
20481
5003	8	55991
20481
20481
5003	8	30649
20481
5003	8	24566
20481
5003	8	54168
20481
20481
5003	8	8466
20481
20481
5003	8	30873
20481
20481
20481
20481
20481
20481
5003	8	30941
20481
20481
20481
20481
5003	8	45807
20481
20481
5003	8	47935
20481
20481
20481
20481
20481
20481
20481
5003	8	7280
20481
5003	8	36633
20481
5003	8	52157
20481
5003	8	63314
20481
5003	8	26097
20481
5003	8	18183
20481
5003	8	5193
20481
5003	8	30344
20481
5003	8	6944
20481
20481
20481
20481
5003	8	1596
20481
20481
5003	8	32561
20481
5003	8	8100
20481
5003	8	58877
20481
20481
20481
5003	8	40338
20481
5003	8	61921
20481
20481
5003	8	62567
20481
5003	8	49440
20481
20481
5003	8	14389
20481
5003	8	38719
20481
20481
20481
5003	8	22019
20481
20481
20481
20481
20481
5003	8	31588
20481
20481
5003	8	7547
20481
5003	8	43845
20481
20481
20481
20481
5003	8	54460
20481
20481
20481
20481
5003	8	28484
20481
20481
5003	8	16028
20481
20481
5003	8	18701
20481
5003	8	5643
20481
5003	8	59380
20481
20481
20481
5003	8	17594
20481
5003	8	14221
20481
5003	8	94
20481
5003	8	10817
20481
20481
20481
5003	8	61409
20481
20481
20481
5003	8	9055
20481
20481
5003	8	15556
20481
5003	8	53004
20481
5003	8	41969
20481
20481
5003	8	24263
20481
20481
5003	8	8029
20481
5003	8	36241
20481
20481
20481
5003	8	4504
20481
5003	8	35259
20481
5003	8	14861
20481
5003	8	11218
20481
20481
5003	8	20434
20481
5003	8	105
20481
20481
20481
20481
5003	8	62562
20481
20481
5003	8	3198
20481
5003	8	2815
20481
5003	8	56999
20481
5003	8	14442
20481
5003	8	48597
20481
5003	8	20495
20481
5003	8	55991
20481
20481
5003	8	30649
20481
5003	8	24566
20481
5003	8	54168
20481
20481
5003	8	8466
20481
20481
5003	8	30873
20481
20481
20481
20481
20481
20481
5003	8	30941
20481
20481
20481
20481
5003	8	45807
20481
20481
5003	8	47935
20481
20481
20481
20481
20481
20481
20481
5003	8	7280
20481
5003	8	36633
20481
5003	8	52157
20481
5003	8	63314
20481
5003	8	26097
20481
5003	8	18183
20481
5003	8	5193
20481
5003	8	30344
20481
5003	8	6944
20481
20481
20481
20481
5003	8	1596
20481
20481
5003	8	32561
20481
5003	8	8100
20481
5003	8	58877
20481
20481
20481
5003	8	40338
20481
5003	8	61921
20481
20481
5003	8	62567
20481
5003	8	49440
20481
20481
5003	8	14389
20481
5003	8	38719
20481
20481
20481
5003	8	22019
20481
20481
20481
20481
20481
5003	8	31588
20481
20481
5003	8	7547
20481
5003	8	43845
20481
20481
20481
20481
5003	8	54460
20481
20481
20481
20481
5003	8	28484
20481
20481
5003	8	16028
20481
20481
5003	8	18701
20481
20481
5003	8	3944
20481
20481
20481
5003	8	21147
20481
20481
5003	8	27317
20481
20481
20481
5003	8	6554
20481
20481
5003	8	9941
20481
20481
5003	8	38689
20481
5003	8	2533
20481
20481
20481
5003	8	45418
20481
20481
5003	8	29811
20481
20481
5003	8	63425
20481
5003	8	12109
20481
20481
5003	8	14708
20481
5003	8	24708
20481
20481
20481
5003	8	51332
20481
20481
20481
20481
5003	8	52608
20481
5003	8	3599
20481
5003	8	44579
20481
20481
5003	8	44382
20481
20481
20481
20481
20481
5003	8	37556
20481
5003	8	52116
20481
20481
20481
5003	8	20202
20481
5003	8	14799
20481
20481
5003	8	22348
20481
5003	8	39155
20481
5003	8	43652
20481
5003	8	37532
20481
5003	8	31195
20481
5003	8	17182
20481
5003	8	37156
20481
20481
20481
5003	8	34664
20481
5003	8	16916
20481
20481
5003	8	14720
20481
20481
5003	8	7869
20481
5003	8	6414
20481
5003	8	33120
20481
20481
20481
5003	8	36574
20481
20481
5003	8	23949
20481
5003	8	35767
20481
20481
5003	8	15911
20481
5003	8	37306
20481
5003	8	53429
20481
5003	8	12791
20481
5003	8	31332
20481
5003	8	37037
20481
5003	8	57085
20481
20481
20481
20481
5003	8	20974
20481
20481
20481
5003	8	30988
20481
5003	8	63059
20481
20481
5003	8	61929
20481
5003	8	13555
20481
20481
20481
5003	8	62486
20481
20481
5003	8	64161
20481
5003	8	13334
20481
20481
5003	8	53372
20481
20481
5003	8	63874
20481
5003	8	1134
20481
20481
20481
5003	8	22923
20481
20481
5003	8	50655
20481
20481
20481
5003	8	38497
20481
5003	8	26042
20481
20481
5003	8	43862
20481
20481
5003	8	40326
20481
5003	8	53225
20481
5003	8	3216
20481
5003	8	35266
20481
20481
5003	8	23556
20481
20481
5003	8	5643
20481
5003	8	59380
20481
20481
20481
5003	8	17594
20481
5003	8	14221
20481
5003	8	94
20481
5003	8	10817
20481
20481
20481
5003	8	61409
20481
20481
20481
5003	8	9055
20481
20481
5003	8	15556
20481
5003	8	53004
20481
5003	8	41969
20481
20481
5003	8	24263
20481
20481
5003	8	8029
20481
5003	8	36241
20481
20481
20481
5003	8	4504
20481
5003	8	35259
20481
5003	8	14861
20481
5003	8	11218
20481
20481
5003	8	20434
20481
5003	8	105
20481
20481
20481
20481
5003	8	62562
20481
20481
5003	8	3198
20481
5003	8	2815
20481
5003	8	56999
20481
5003	8	14442
20481
5003	8	48597
20481
5003	8	20495
20481
5003	8	55991
20481
20481
5003	8	30649
20481
5003	8	24566
20481
5003	8	54168
20481
20481
5003	8	8466
20481
20481
5003	8	30873
20481
20481
20481
20481
20481
20481
5003	8	30941
20481
20481
20481
20481
5003	8	45807
20481
20481
5003	8	47935
20481
20481
20481
20481
20481
20481
20481
5003	8	7280
20481
5003	8	36633
20481
5003	8	52157
20481
5003	8	63314
20481
5003	8	26097
20481
5003	8	18183
20481
5003	8	5193
20481
5003	8	30344
20481
5003	8	6944
20481
20481
20481
20481
5003	8	1596
20481
20481
5003	8	32561
20481
5003	8	8100
20481
5003	8	58877
20481
20481
20481
5003	8	40338
20481
5003	8	61921
20481
20481
5003	8	62567
20481
5003	8	49440
20481
20481
5003	8	14389
20481
5003	8	38719
20481
20481
20481
5003	8	22019
20481
20481
20481
20481
20481
5003	8	31588
20481
20481
5003	8	7547
20481
5003	8	43845
20481
20481
20481
20481
5003	8	54460
20481
20481
20481
20481
5003	8	28484
20481
20481
5003	8	16028
20481
20481
5003	8	18701
20481
20481
5003	8	3944
20481
20481
20481
5003	8	21147
20481
20481
5003	8	27317
20481
20481
20481
5003	8	6554
20481
20481
5003	8	9941
20481
20481
5003	8	38689
20481
5003	8	2533
20481
20481
20481
5003	8	45418
20481
20481
5003	8	29811
20481
20481
5003	8	63425
20481
5003	8	12109
20481
20481
5003	8	14708
20481
5003	8	24708
20481
20481
20481
5003	8	51332
20481
20481
20481
20481
5003	8	52608
20481
5003	8	3599
20481
5003	8	44579
20481
20481
5003	8	44382
20481
20481
20481
20481
20481
5003	8	37556
20481
5003	8	52116
20481
20481
20481
5003	8	20202
20481
5003	8	14799
20481
20481
5003	8	22348
20481
5003	8	39155
20481
5003	8	43652
20481
5003	8	37532
20481
5003	8	31195
20481
5003	8	17182
20481
5003	8	37156
20481
20481
20481
5003	8	34664
20481
5003	8	16916
20481
20481
5003	8	14720
20481
20481
5003	8	7869
20481
5003	8	6414
20481
5003	8	33120
20481
20481
20481
5003	8	36574
20481
20481
5003	8	23949
20481
5003	8	35767
20481
20481
5003	8	15911
20481
5003	8	37306
20481
5003	8	53429
20481
5003	8	12791
20481
5003	8	31332
20481
5003	8	37037
20481
5003	8	57085
20481
20481
20481
20481
5003	8	20974
20481
20481
20481
5003	8	30988
20481
5003	8	63059
20481
20481
5003	8	61929
20481
5003	8	13555
20481
20481
20481
5003	8	62486
20481
20481
5003	8	64161
20481
5003	8	13334
20481
20481
5003	8	53372
20481
20481
5003	8	63874
20481
5003	8	1134
20481
20481
20481
5003	8	22923
20481
20481
5003	8	50655
20481
20481
20481
5003	8	38497
20481
5003	8	26042
20481
20481
5003	8	43862
20481
20481
5003	8	40326
20481
5003	8	53225
20481
5003	8	3216
20481
5003	8	35266
20481
20481
5003	8	23556
20481
20481
5003	8	60863
20481
20481
20481
20481
5003	8	16343
20481
5003	8	60917
20481
5003	8	53032
20481
5003	8	5643
20481
5003	8	59380
20481
20481
20481
5003	8	17594
20481
5003	8	14221
20481
5003	8	94
20481
5003	8	10817
20481
20481
20481
5003	8	61409
20481
20481
20481
5003	8	9055
20481
20481
5003	8	15556
20481
5003	8	53004
20481
5003	8	41969
20481
20481
5003	8	24263
20481
20481
5003	8	8029
20481
5003	8	36241
20481
20481
20481
5003	8	4504
20481
5003	8	35259
20481
5003	8	14861
20481
5003	8	11218
20481
20481
5003	8	20434
20481
5003	8	105
20481
20481
20481
20481
5003	8	62562
20481
20481
5003	8	3198
20481
5003	8	2815
20481
5003	8	56999
20481
5003	8	14442
20481
5003	8	48597
20481
5003	8	20495
20481
5003	8	55991
20481
20481
5003	8	30649
20481
5003	8	24566
20481
5003	8	54168
20481
20481
5003	8	8466
20481
20481
5003	8	30873
20481
20481
20481
20481
20481
20481
5003	8	30941
20481
20481
20481
20481
5003	8	45807
20481
20481
5003	8	47935
20481
20481
20481
20481
20481
20481
20481
5003	8	7280
20481
5003	8	36633
20481
5003	8	52157
20481
5003	8	63314
20481
5003	8	26097
20481
5003	8	18183
20481
5003	8	5193
20481
5003	8	30344
20481
5003	8	6944
20481
20481
20481
20481
5003	8	1596
20481
20481
5003	8	32561
20481
5003	8	8100
20481
5003	8	58877
20481
20481
20481
5003	8	40338
20481
5003	8	61921
20481
20481
5003	8	62567
20481
5003	8	49440
20481
20481
5003	8	14389
20481
5003	8	38719
20481
20481
20481
5003	8	22019
20481
20481
20481
20481
20481
5003	8	31588
20481
20481
5003	8	7547
20481
5003	8	43845
20481
20481
20481
20481
5003	8	54460
20481
20481
20481
20481
5003	8	28484
20481
20481
5003	8	16028
20481
20481
5003	8	18701
20481
20481
5003	8	3944
20481
20481
20481
5003	8	21147
20481
20481
5003	8	27317
20481
20481
20481
5003	8	6554
20481
20481
5003	8	9941
20481
20481
5003	8	38689
20481
5003	8	2533
20481
20481
20481
5003	8	45418
20481
20481
5003	8	29811
20481
20481
5003	8	63425
20481
5003	8	12109
20481
20481
5003	8	14708
20481
5003	8	24708
20481
20481
20481
5003	8	51332
20481
20481
20481
20481
5003	8	52608
20481
5003	8	3599
20481
5003	8	44579
20481
20481
5003	8	44382
20481
20481
20481
20481
20481
5003	8	37556
20481
5003	8	52116
20481
20481
20481
5003	8	20202
20481
5003	8	14799
20481
20481
5003	8	22348
20481
5003	8	39155
20481
5003	8	43652
20481
5003	8	37532
20481
5003	8	31195
20481
5003	8	17182
20481
5003	8	37156
20481
20481
20481
5003	8	34664
20481
5003	8	16916
20481
20481
5003	8	14720
20481
20481
5003	8	7869
20481
5003	8	6414
20481
5003	8	33120
20481
20481
20481
5003	8	36574
20481
20481
5003	8	23949
20481
5003	8	35767
20481
20481
5003	8	15911
20481
5003	8	37306
20481
5003	8	53429
20481
5003	8	12791
20481
5003	8	31332
20481
5003	8	37037
20481
5003	8	57085
20481
20481
20481
20481
5003	8	20974
20481
20481
20481
5003	8	30988
20481
5003	8	63059
20481
20481
5003	8	61929
20481
5003	8	13555
20481
20481
20481
5003	8	62486
20481
20481
5003	8	64161
20481
5003	8	13334
20481
20481
5003	8	53372
20481
20481
5003	8	63874
20481
5003	8	1134
20481
20481
20481
5003	8	22923
20481
20481
5003	8	50655
20481
20481
20481
5003	8	38497
20481
5003	8	26042
20481
20481
5003	8	43862
20481
20481
5003	8	40326
20481
5003	8	53225
20481
5003	8	3216
20481
5003	8	35266
20481
20481
5003	8	23556
20481
20481
5003	8	60863
20481
20481
20481
20481
5003	8	16343
20481
5003	8	60917
20481
5003	8	53032
20481
5003	8	5643
20481
5003	8	59380
20481
20481
20481
5003	8	17594
20481
5003	8	14221
20481
5003	8	94
20481
5003	8	10817
20481
20481
20481
5003	8	61409
20481
20481
20481
5003	8	9055
20481
20481
5003	8	15556
20481
5003	8	53004
20481
5003	8	41969
20481
20481
5003	8	24263
20481
20481
5003	8	8029
20481
5003	8	36241
20481
20481
20481
5003	8	4504
20481
5003	8	35259
20481
5003	8	14861
20481
5003	8	11218
20481
20481
5003	8	20434
20481
5003	8	105
20481
20481
20481
20481
5003	8	62562
20481
20481
5003	8	3198
20481
5003	8	2815
20481
5003	8	56999
20481
5003	8	14442
20481
5003	8	48597
20481
5003	8	20495
20481
5003	8	55991
20481
20481
5003	8	30649
20481
5003	8	24566
20481
5003	8	54168
20481
20481
5003	8	8466
20481
20481
5003	8	30873
20481
20481
20481
20481
20481
20481
5003	8	30941
20481
20481
20481
20481
5003	8	45807
20481
20481
5003	8	47935
20481
20481
20481
20481
20481
20481
20481
5003	8	7280
20481
5003	8	36633
20481
5003	8	52157
20481
5003	8	63314
20481
5003	8	26097
20481
5003	8	18183
20481
5003	8	5193
20481
5003	8	30344
20481
5003	8	6944
20481
20481
20481
20481
5003	8	1596
20481
20481
5003	8	32561
20481
5003	8	8100
20481
5003	8	58877
20481
20481
20481
5003	8	40338
20481
5003	8	61921
20481
20481
5003	8	62567
20481
5003	8	49440
20481
20481
5003	8	14389
20481
5003	8	38719
20481
20481
20481
5003	8	22019
20481
20481
20481
20481
20481
5003	8	31588
20481
20481
5003	8	7547
20481
5003	8	43845
20481
20481
20481
20481
5003	8	54460
20481
20481
20481
20481
5003	8	28484
20481
20481
5003	8	16028
20481
20481
5003	8	18701
20481
20481
5003	8	3944
20481
20481
20481
5003	8	21147
20481
20481
5003	8	27317
20481
20481
20481
5003	8	6554
20481
20481
5003	8	9941
20481
20481
5003	8	38689
20481
5003	8	2533
20481
20481
20481
5003	8	45418
20481
20481
5003	8	29811
20481
20481
5003	8	63425
20481
5003	8	12109
20481
20481
5003	8	14708
20481
5003	8	24708
20481
20481
20481
5003	8	51332
20481
20481
20481
20481
5003	8	52608
20481
5003	8	3599
20481
5003	8	44579
20481
20481
5003	8	44382
20481
20481
20481
20481
20481
5003	8	37556
20481
5003	8	52116
20481
20481
20481
5003	8	20202
20481
5003	8	14799
20481
20481
5003	8	22348
20481
5003	8	39155
20481
5003	8	43652
20481
5003	8	37532
20481
5003	8	31195
20481
5003	8	17182
20481
5003	8	37156
20481
20481
20481
5003	8	34664
20481
5003	8	16916
20481
20481
5003	8	14720
20481
20481
5003	8	7869
20481
5003	8	6414
20481
5003	8	33120
20481
20481
20481
5003	8	36574
20481
20481
5003	8	23949
20481
5003	8	35767
20481
20481
5003	8	15911
20481
5003	8	37306
20481
5003	8	53429
20481
5003	8	12791
20481
5003	8	31332
20481
5003	8	37037
20481
5003	8	57085
20481
20481
20481
20481
5003	8	20974
20481
20481
20481
5003	8	30988
20481
5003	8	63059
20481
20481
5003	8	61929
20481
5003	8	13555
20481
20481
20481
5003	8	62486
20481
20481
5003	8	64161
20481
5003	8	13334
20481
20481
5003	8	53372
20481
20481
5003	8	63874
20481
5003	8	1134
20481
20481
20481
5003	8	22923
20481
20481
5003	8	50655
20481
20481
20481
5003	8	38497
20481
5003	8	26042
20481
20481
5003	8	43862
20481
20481
5003	8	40326
20481
5003	8	53225
20481
5003	8	3216
20481
5003	8	35266
20481
20481
5003	8	23556
20481
20481
5003	8	60863
20481
20481
20481
20481
5003	8	16343
20481
5003	8	60917
20481
5003	8	53032
20481
5003	8	5643
20481
5003	8	59380
20481
20481
20481
5003	8	17594
20481
5003	8	14221
20481
5003	8	94
20481
5003	8	10817
20481
20481
20481
5003	8	61409
20481
20481
20481
5003	8	9055
20481
20481
5003	8	15556
20481
5003	8	53004
20481
5003	8	41969
20481
20481
5003	8	24263
20481
20481
5003	8	8029
20481
5003	8	36241
20481
20481
20481
5003	8	4504
20481
5003	8	35259
20481
5003	8	14861
20481
5003	8	11218
20481
20481
5003	8	20434
20481
5003	8	105
20481
20481
20481
20481
5003	8	62562
20481
20481
5003	8	3198
20481
5003	8	2815
20481
5003	8	56999
20481
5003	8	14442
20481
5003	8	48597
20481
5003	8	20495
20481
5003	8	55991
20481
20481
5003	8	30649
20481
5003	8	24566
20481
5003	8	54168
20481
20481
5003	8	8466
20481
20481
5003	8	30873
20481
20481
20481
20481
20481
20481
5003	8	30941
20481
20481
20481
20481
5003	8	45807
20481
20481
5003	8	47935
20481
20481
20481
20481
20481
20481
20481
5003	8	7280
20481
5003	8	36633
20481
5003	8	52157
20481
5003	8	63314
20481
5003	8	26097
20481
5003	8	18183
20481
5003	8	5193
20481
5003	8	30344
20481
5003	8	6944
20481
20481
20481
20481
5003	8	1596
20481
20481
5003	8	32561
20481
5003	8	8100
20481
5003	8	58877
20481
20481
20481
5003	8	40338
20481
5003	8	61921
20481
20481
5003	8	62567
20481
5003	8	49440
20481
20481
5003	8	14389
20481
5003	8	38719
20481
20481
20481
5003	8	22019
20481
20481
20481
20481
20481
5003	8	31588
20481
20481
5003	8	7547
20481
5003	8	43845
20481
20481
20481
20481
5003	8	54460
20481
20481
20481
20481
5003	8	28484
20481
20481
5003	8	16028
20481
20481
5003	8	18701
20481
20481
5003	8	3944
20481
20481
20481
5003	8	21147
20481
20481
5003	8	27317
20481
20481
20481
5003	8	6554
20481
20481
5003	8	9941
20481
20481
5003	8	38689
20481
5003	8	2533
20481
20481
20481
5003	8	45418
20481
20481
5003	8	29811
20481
20481
5003	8	63425
20481
5003	8	12109
20481
20481
5003	8	14708
20481
5003	8	24708
20481
20481
20481
5003	8	51332
20481
20481
20481
20481
5003	8	52608
20481
5003	8	3599
20481
5003	8	44579
20481
20481
5003	8	44382
20481
20481
20481
20481
20481
5003	8	37556
20481
5003	8	52116
20481
20481
20481
5003	8	20202
20481
5003	8	14799
20481
20481
5003	8	22348
20481
5003	8	39155
20481
5003	8	43652
20481
5003	8	37532
20481
5003	8	31195
20481
5003	8	17182
20481
5003	8	37156
20481
20481
20481
5003	8	34664
20481
5003	8	16916
20481
20481
5003	8	14720
20481
20481
5003	8	7869
20481
5003	8	6414
20481
5003	8	33120
20481
20481
20481
5003	8	36574
20481
20481
5003	8	23949
20481
5003	8	35767
20481
20481
5003	8	15911
20481
5003	8	37306
20481
5003	8	53429
20481
5003	8	12791
20481
5003	8	31332
20481
5003	8	37037
20481
5003	8	57085
20481
20481
20481
20481
5003	8	20974
20481
20481
20481
5003	8	30988
20481
5003	8	63059
20481
20481
5003	8	61929
20481
5003	8	13555
20481
20481
20481
5003	8	62486
20481
20481
5003	8	64161
20481
5003	8	13334
20481
20481
5003	8	53372
20481
20481
5003	8	63874
20481
5003	8	1134
20481
20481
20481
5003	8	22923
20481
20481
5003	8	50655
20481
20481
20481
5003	8	38497
20481
5003	8	26042
20481
20481
5003	8	43862
20481
20481
5003	8	40326
20481
5003	8	53225
20481
5003	8	3216
20481
5003	8	35266
20481
20481
5003	8	23556
20481
20481
5003	8	60863
20481
20481
20481
20481
5003	8	16343
20481
5003	8	60917
20481
5003	8	53032
20481
5003	8	5643
20481
5003	8	59380
20481
20481
20481
5003	8	17594
20481
5003	8	14221
20481
5003	8	94
20481
5003	8	10817
20481
20481
20481
5003	8	61409
20481
20481
20481
5003	8	9055
20481
20481
5003	8	15556
20481
5003	8	53004
20481
5003	8	41969
20481
20481
5003	8	24263
20481
20481
5003	8	8029
20481
5003	8	36241
20481
20481
20481
5003	8	4504
20481
5003	8	35259
20481
5003	8	14861
20481
5003	8	11218
20481
20481
5003	8	20434
20481
5003	8	105
20481
20481
20481
20481
5003	8	62562
20481
20481
5003	8	3198
20481
5003	8	2815
20481
5003	8	56999
20481
5003	8	14442
20481
5003	8	48597
20481
5003	8	20495
20481
5003	8	55991
20481
20481
5003	8	30649
20481
5003	8	24566
20481
5003	8	54168
20481
20481
5003	8	8466
20481
20481
5003	8	30873
20481
20481
20481
20481
20481
20481
5003	8	30941
20481
20481
20481
20481
5003	8	45807
20481
20481
5003	8	47935
20481
20481
20481
20481
20481
20481
20481
5003	8	7280
20481
5003	8	36633
20481
5003	8	52157
20481
5003	8	63314
20481
5003	8	26097
20481
5003	8	18183
20481
5003	8	5193
20481
5003	8	30344
20481
5003	8	6944
20481
20481
20481
20481
5003	8	1596
20481
20481
5003	8	32561
20481
5003	8	8100
20481
5003	8	58877
20481
20481
20481
5003	8	40338
20481
5003	8	61921
20481
20481
5003	8	62567
20481
5003	8	49440
20481
20481
5003	8	14389
20481
5003	8	38719
20481
20481
20481
5003	8	22019
20481
20481
20481
20481
20481
5003	8	31588
20481
20481
5003	8	7547
20481
5003	8	43845
20481
20481
20481
20481
5003	8	54460
20481
20481
20481
20481
5003	8	28484
20481
20481
5003	8	16028
20481
20481
5003	8	18701
20481
20481
5003	8	3944
20481
20481
20481
5003	8	21147
20481
20481
5003	8	27317
20481
20481
20481
5003	8	6554
20481
20481
5003	8	9941
20481
20481
5003	8	38689
20481
5003	8	2533
20481
20481
20481
5003	8	45418
20481
20481
5003	8	29811
20481
20481
5003	8	63425
20481
5003	8	12109
20481
20481
5003	8	14708
20481
5003	8	24708
20481
20481
20481
5003	8	51332
20481
20481
20481
20481
5003	8	52608
20481
5003	8	3599
20481
5003	8	44579
20481
20481
5003	8	44382
20481
20481
20481
20481
20481
5003	8	37556
20481
5003	8	52116
20481
20481
20481
5003	8	20202
20481
5003	8	14799
20481
20481
5003	8	22348
20481
5003	8	39155
20481
5003	8	43652
20481
5003	8	37532
20481
5003	8	31195
20481
5003	8	17182
20481
5003	8	37156
20481
20481
20481
5003	8	34664
20481
5003	8	16916
20481
20481
5003	8	14720
20481
20481
5003	8	7869
20481
5003	8	6414
20481
5003	8	33120
20481
20481
20481
5003	8	36574
20481
20481
5003	8	23949
20481
5003	8	35767
20481
20481
5003	8	15911
20481
5003	8	37306
20481
5003	8	53429
20481
5003	8	12791
20481
5003	8	31332
20481
5003	8	37037
20481
5003	8	57085
20481
20481
20481
20481
5003	8	20974
20481
20481
20481
5003	8	30988
20481
5003	8	63059
20481
20481
5003	8	61929
20481
5003	8	13555
20481
20481
20481
5003	8	62486
20481
20481
5003	8	64161
20481
5003	8	13334
20481
20481
5003	8	53372
20481
20481
5003	8	63874
20481
5003	8	1134
20481
20481
20481
5003	8	22923
20481
20481
5003	8	50655
20481
20481
20481
5003	8	38497
20481
5003	8	26042
20481
20481
5003	8	43862
20481
20481
5003	8	40326
20481
5003	8	53225
20481
5003	8	3216
20481
5003	8	35266
20481
20481
5003	8	23556
20481
20481
5003	8	60863
20481
20481
20481
20481
5003	8	16343
20481
5003	8	60917
20481
5003	8	53032
20481
5003	8	5643
20481
5003	8	59380
20481
20481
20481
5003	8	17594
20481
5003	8	14221
20481
5003	8	94
20481
5003	8	10817
20481
20481
20481
5003	8	61409
20481
20481
20481
5003	8	9055
20481
20481
5003	8	15556
20481
5003	8	53004
20481
5003	8	41969
20481
20481
5003	8	24263
20481
20481
5003	8	8029
20481
5003	8	36241
20481
20481
20481
5003	8	4504
20481
5003	8	35259
20481
5003	8	14861
20481
5003	8	11218
20481
20481
5003	8	20434
20481
5003	8	105
20481
20481
20481
20481
5003	8	62562
20481
20481
5003	8	3198
20481
5003	8	2815
20481
5003	8	56999
20481
5003	8	14442
20481
5003	8	48597
20481
5003	8	20495
20481
5003	8	55991
20481
20481
5003	8	30649
20481
5003	8	24566
20481
5003	8	54168
20481
20481
5003	8	8466
20481
20481
5003	8	30873
20481
20481
20481
20481
20481
20481
5003	8	30941
20481
20481
20481
20481
5003	8	45807
20481
20481
5003	8	47935
20481
20481
20481
20481
20481
20481
20481
5003	8	7280
20481
5003	8	36633
20481
5003	8	52157
20481
5003	8	63314
20481
5003	8	26097
20481
5003	8	18183
20481
5003	8	5193
20481
5003	8	30344
20481
5003	8	6944
20481
20481
20481
20481
5003	8	1596
20481
20481
5003	8	32561
20481
5003	8	8100
20481
5003	8	58877
20481
20481
20481
5003	8	40338
20481
5003	8	61921
20481
20481
5003	8	62567
20481
5003	8	49440
20481
20481
5003	8	14389
20481
5003	8	38719
20481
20481
20481
5003	8	22019
20481
20481
20481
20481
20481
5003	8	31588
20481
20481
5003	8	7547
20481
5003	8	43845
20481
20481
20481
20481
5003	8	54460
20481
20481
20481
20481
5003	8	28484
20481
20481
5003	8	16028
20481
20481
5003	8	18701
20481
20481
5003	8	3944
20481
20481
20481
5003	8	21147
20481
20481
5003	8	27317
20481
20481
20481
5003	8	6554
20481
20481
5003	8	9941
20481
20481
5003	8	38689
20481
5003	8	2533
20481
20481
20481
5003	8	45418
20481
20481
5003	8	29811
20481
20481
5003	8	63425
20481
5003	8	12109
20481
20481
5003	8	14708
20481
5003	8	24708
20481
20481
20481
5003	8	51332
20481
20481
20481
20481
5003	8	52608
20481
5003	8	3599
20481
5003	8	44579
20481
20481
5003	8	44382
20481
20481
20481
20481
20481
5003	8	37556
20481
5003	8	52116
20481
20481
20481
5003	8	20202
20481
5003	8	14799
20481
20481
5003	8	22348
20481
5003	8	39155
20481
5003	8	43652
20481
5003	8	37532
20481
5003	8	31195
20481
5003	8	17182
20481
5003	8	37156
20481
20481
20481
5003	8	34664
20481
5003	8	16916
20481
20481
5003	8	14720
20481
20481
5003	8	7869
20481
5003	8	6414
20481
5003	8	33120
20481
20481
20481
5003	8	36574
20481
20481
5003	8	23949
20481
5003	8	35767
20481
20481
5003	8	15911
20481
5003	8	37306
20481
5003	8	53429
20481
5003	8	12791
20481
5003	8	31332
20481
5003	8	37037
20481
5003	8	57085
20481
20481
20481
20481
5003	8	20974
20481
20481
20481
5003	8	30988
20481
5003	8	63059
20481
20481
5003	8	61929
20481
5003	8	13555
20481
20481
20481
5003	8	62486
20481
20481
5003	8	64161
20481
5003	8	13334
20481
20481
5003	8	53372
20481
20481
5003	8	63874
20481
5003	8	1134
20481
20481
20481
5003	8	22923
20481
20481
5003	8	50655
20481
20481
20481
5003	8	38497
20481
5003	8	26042
20481
20481
5003	8	43862
20481
20481
5003	8	40326
20481
5003	8	53225
20481
5003	8	3216
20481
5003	8	35266
20481
20481
5003	8	23556
20481
20481
5003	8	60863
20481
20481
20481
20481
5003	8	16343
20481
5003	8	60917
20481
5003	8	53032
20481
5003	8	5643
20481
5003	8	59380
20481
20481
20481
5003	8	17594
20481
5003	8	14221
20481
5003	8	94
20481
5003	8	10817
20481
20481
20481
5003	8	61409
20481
20481
20481
5003	8	9055
20481
20481
5003	8	15556
20481
5003	8	53004
20481
5003	8	41969
20481
20481
5003	8	24263
20481
20481
5003	8	8029
20481
5003	8	36241
20481
20481
20481
5003	8	4504
20481
5003	8	35259
20481
5003	8	14861
20481
5003	8	11218
20481
20481
5003	8	20434
20481
5003	8	105
20481
20481
20481
20481
5003	8	62562
20481
20481
5003	8	3198
20481
5003	8	2815
20481
5003	8	56999
20481
5003	8	14442
20481
5003	8	48597
20481
5003	8	20495
20481
5003	8	55991
20481
20481
5003	8	30649
20481
5003	8	24566
20481
5003	8	54168
20481
20481
5003	8	8466
20481
20481
5003	8	30873
20481
20481
20481
20481
20481
20481
5003	8	30941
20481
20481
20481
20481
5003	8	45807
20481
20481
5003	8	47935
20481
20481
20481
20481
20481
20481
20481
5003	8	7280
20481
5003	8	36633
20481
5003	8	52157
20481
5003	8	63314
20481
5003	8	26097
20481
5003	8	18183
20481
5003	8	5193
20481
5003	8	30344
20481
5003	8	6944
20481
20481
20481
20481
5003	8	1596
20481
20481
5003	8	32561
20481
5003	8	8100
20481
5003	8	58877
20481
20481
20481
5003	8	40338
20481
5003	8	61921
20481
20481
5003	8	62567
20481
5003	8	49440
20481
20481
5003	8	14389
20481
5003	8	38719
20481
20481
20481
5003	8	22019
20481
20481
20481
20481
20481
5003	8	31588
20481
20481
5003	8	7547
20481
5003	8	43845
20481
20481
20481
20481
5003	8	54460
20481
20481
20481
20481
5003	8	28484
20481
20481
5003	8	16028
20481
20481
5003	8	18701
20481
20481
5003	8	3944
20481
20481
20481
5003	8	21147
20481
20481
5003	8	27317
20481
20481
20481
5003	8	6554
20481
20481
5003	8	9941
20481
20481
5003	8	38689
20481
5003	8	2533
20481
20481
20481
5003	8	45418
20481
20481
5003	8	29811
20481
20481
5003	8	63425
20481
5003	8	12109
20481
20481
5003	8	14708
20481
5003	8	24708
20481
20481
20481
5003	8	51332
20481
20481
20481
20481
5003	8	52608
20481
5003	8	3599
20481
5003	8	44579
20481
20481
5003	8	44382
20481
20481
20481
20481
20481
5003	8	37556
20481
5003	8	52116
20481
20481
20481
5003	8	20202
20481
5003	8	14799
20481
20481
5003	8	22348
20481
5003	8	39155
20481
5003	8	43652
20481
5003	8	37532
20481
5003	8	31195
20481
5003	8	17182
20481
5003	8	37156
20481
20481
20481
5003	8	34664
20481
5003	8	16916
20481
20481
5003	8	14720
20481
20481
5003	8	7869
20481
5003	8	6414
20481
5003	8	33120
20481
20481
20481
5003	8	36574
20481
20481
5003	8	23949
20481
5003	8	35767
20481
20481
5003	8	15911
20481
5003	8	37306
20481
5003	8	53429
20481
5003	8	12791
20481
5003	8	31332
20481
5003	8	37037
20481
5003	8	57085
20481
20481
20481
20481
5003	8	20974
20481
20481
20481
5003	8	30988
20481
5003	8	63059
20481
20481
5003	8	61929
20481
5003	8	13555
20481
20481
20481
5003	8	62486
20481
20481
5003	8	64161
20481
5003	8	13334
20481
20481
5003	8	53372
20481
20481
5003	8	63874
20481
5003	8	1134
20481
20481
20481
5003	8	22923
20481
20481
5003	8	50655
20481
20481
20481
5003	8	38497
20481
5003	8	26042
20481
20481
5003	8	43862
20481
20481
5003	8	40326
20481
5003	8	53225
20481
5003	8	3216
20481
5003	8	35266
20481
20481
5003	8	23556
20481
20481
5003	8	60863
20481
20481
20481
20481
5003	8	16343
20481
5003	8	60917
20481
5003	8	53032
20481
5003	8	5643
20481
5003	8	59380
20481
20481
20481
5003	8	17594
20481
5003	8	14221
20481
5003	8	94
20481
5003	8	10817
20481
20481
20481
5003	8	61409
20481
20481
20481
5003	8	9055
20481
20481
5003	8	15556
20481
5003	8	53004
20481
5003	8	41969
20481
20481
5003	8	24263
20481
20481
5003	8	8029
20481
5003	8	36241
20481
20481
20481
5003	8	4504
20481
5003	8	35259
20481
5003	8	14861
20481
5003	8	11218
20481
20481
5003	8	20434
20481
5003	8	105
20481
20481
20481
20481
5003	8	62562
20481
20481
5003	8	3198
20481
5003	8	2815
20481
5003	8	56999
20481
5003	8	14442
20481
5003	8	48597
20481
5003	8	20495
20481
5003	8	55991
20481
20481
5003	8	30649
20481
5003	8	24566
20481
5003	8	54168
20481
20481
5003	8	8466
20481
20481
5003	8	30873
20481
20481
20481
20481
20481
20481
5003	8	30941
20481
20481
20481
20481
5003	8	45807
20481
20481
5003	8	47935
20481
20481
20481
20481
20481
20481
20481
5003	8	7280
20481
5003	8	36633
20481
5003	8	52157
20481
5003	8	63314
20481
5003	8	26097
20481
5003	8	18183
20481
5003	8	5193
20481
5003	8	30344
20481
5003	8	6944
20481
20481
20481
20481
5003	8	1596
20481
20481
5003	8	32561
20481
5003	8	8100
20481
5003	8	58877
20481
20481
20481
5003	8	40338
20481
5003	8	61921
20481
20481
5003	8	62567
20481
5003	8	49440
20481
20481
5003	8	14389
20481
5003	8	38719
20481
20481
20481
5003	8	22019
20481
20481
20481
20481
20481
5003	8	31588
20481
20481
5003	8	7547
20481
5003	8	43845
20481
20481
20481
20481
5003	8	54460
20481
20481
20481
20481
5003	8	28484
20481
20481
5003	8	16028
20481
20481
5003	8	18701
20481
20481
5003	8	3944
20481
20481
20481
5003	8	21147
20481
20481
5003	8	27317
20481
20481
20481
5003	8	6554
20481
20481
5003	8	9941
20481
20481
5003	8	38689
20481
5003	8	2533
20481
20481
20481
5003	8	45418
20481
20481
5003	8	29811
20481
20481
5003	8	63425
20481
5003	8	12109
20481
20481
5003	8	14708
20481
5003	8	24708
20481
20481
20481
5003	8	51332
20481
20481
20481
20481
5003	8	52608
20481
5003	8	3599
20481
5003	8	44579
20481
20481
5003	8	44382
20481
20481
20481
20481
20481
5003	8	37556
20481
5003	8	52116
20481
20481
20481
5003	8	20202
20481
5003	8	14799
20481
20481
5003	8	22348
20481
5003	8	39155
20481
5003	8	43652
20481
5003	8	37532
20481
5003	8	31195
20481
5003	8	17182
20481
5003	8	37156
20481
20481
20481
5003	8	34664
20481
5003	8	16916
20481
20481
5003	8	14720
20481
20481
5003	8	7869
20481
5003	8	6414
20481
5003	8	33120
20481
20481
20481
5003	8	36574
20481
20481
5003	8	23949
20481
5003	8	35767
20481
20481
5003	8	15911
20481
5003	8	37306
20481
5003	8	53429
20481
5003	8	12791
20481
5003	8	31332
20481
5003	8	37037
20481
5003	8	57085
20481
20481
20481
20481
5003	8	20974
20481
20481
20481
5003	8	30988
20481
5003	8	63059
20481
20481
5003	8	61929
20481
5003	8	13555
20481
20481
20481
5003	8	62486
20481
20481
5003	8	64161
20481
5003	8	13334
20481
20481
5003	8	53372
20481
20481
5003	8	63874
20481
5003	8	1134
20481
20481
20481
5003	8	22923
20481
20481
5003	8	50655
20481
20481
20481
5003	8	38497
20481
5003	8	26042
20481
20481
5003	8	43862
20481
20481
5003	8	40326
20481
5003	8	53225
20481
5003	8	3216
20481
5003	8	35266
20481
20481
5003	8	23556
20481
20481
5003	8	60863
20481
20481
20481
20481
5003	8	16343
20481
5003	8	60917
20481
5003	8	53032
