5003	8	63527
5003	8	44622
5003	8	4923
5003	8	35341
5003	8	30645
5003	8	61809
5003	8	19395
5003	8	20079
5003	8	35642
5003	8	43333
5003	8	28689
5003	8	43854
5003	8	19677
5003	8	22804
5003	8	1760
5003	8	41175
5003	8	23946
5003	8	13493
5003	8	31983
5003	8	25586
5003	8	34950
5003	8	53091
5003	8	26093
5003	8	38266
5003	8	44082
5003	8	58442
5003	8	19822
5003	8	42793
5003	8	59234
5003	8	23073
5003	8	13731
5003	8	39572
5003	8	51195
5003	8	38632
5003	8	1215
5003	8	53033
5003	8	10672
5003	8	29225
5003	8	5091
5003	8	39405
5003	8	48980
5003	8	32335
5003	8	56400
5003	8	51527
5003	8	44050
5003	8	47818
5003	8	2356
5003	8	42218
5003	8	9422
5003	8	2228
5003	8	41374
5003	8	3323
5003	8	32658
5003	8	55654
5003	8	65200
5003	8	25097
5003	8	11038
5003	8	42693
5003	8	17174
5003	8	14218
5003	8	40736
5003	8	20943
5003	8	55781
5003	8	30098
5003	8	40140
5003	8	27519
5003	8	58603
5003	8	35790
5003	8	65218
5003	8	52674
5003	8	6388
5003	8	16134
5003	8	20219
5003	8	45718
5003	8	14277
5003	8	45824
5003	8	44408
5003	8	30058
5003	8	52791
5003	8	18792
5003	8	58254
5003	8	19210
5003	8	64230
5003	8	60478
5003	8	32892
5003	8	10576
5003	8	5202
5003	8	59758
5003	8	32283
5003	8	33024
5003	8	30705
5003	8	38387
5003	8	47045
5003	8	16109
5003	8	53787
5003	8	45295
5003	8	5204
5003	8	24722
20481
5003	8	63527
20481
5003	8	44622
20481
5003	8	4923
20481
5003	8	35341
20481
5003	8	30645
20481
5003	8	61809
20481
5003	8	19395
20481
5003	8	20079
20481
5003	8	35642
20481
5003	8	43333
20481
5003	8	28689
20481
5003	8	43854
20481
20481
5003	8	19677
20481
5003	8	22804
20481
5003	8	1760
20481
5003	8	41175
20481
5003	8	23946
20481
5003	8	13493
20481
5003	8	31983
20481
5003	8	25586
20481
5003	8	34950
20481
5003	8	53091
20481
5003	8	26093
20481
5003	8	38266
20481
5003	8	44082
20481
5003	8	58442
20481
5003	8	19822
20481
5003	8	42793
20481
5003	8	59234
20481
5003	8	23073
20481
5003	8	13731
20481
5003	8	39572
20481
5003	8	51195
20481
5003	8	38632
20481
5003	8	1215
20481
5003	8	53033
20481
5003	8	10672
20481
5003	8	29225
20481
5003	8	5091
20481
5003	8	39405
20481
5003	8	48980
20481
5003	8	32335
20481
5003	8	56400
20481
5003	8	51527
20481
5003	8	44050
20481
5003	8	47818
20481
5003	8	2356
20481
5003	8	42218
20481
20481
5003	8	9422
20481
5003	8	2228
20481
5003	8	41374
20481
5003	8	3323
20481
5003	8	32658
20481
5003	8	55654
20481
5003	8	65200
20481
5003	8	25097
20481
5003	8	11038
20481
5003	8	42693
20481
5003	8	17174
20481
5003	8	14218
20481
5003	8	40736
20481
5003	8	20943
20481
20481
5003	8	55781
20481
5003	8	30098
20481
5003	8	40140
20481
5003	8	27519
20481
5003	8	58603
20481
5003	8	35790
20481
5003	8	65218
20481
5003	8	52674
20481
5003	8	6388
20481
5003	8	16134
20481
5003	8	20219
20481
5003	8	45718
20481
5003	8	14277
20481
5003	8	45824
20481
5003	8	44408
20481
5003	8	30058
20481
5003	8	52791
20481
5003	8	18792
20481
5003	8	58254
20481
5003	8	19210
20481
5003	8	64230
20481
5003	8	60478
20481
5003	8	32892
20481
5003	8	10576
20481
5003	8	5202
20481
5003	8	59758
20481
5003	8	32283
20481
5003	8	33024
20481
5003	8	30705
20481
5003	8	38387
20481
5003	8	47045
20481
5003	8	16109
20481
5003	8	53787
20481
5003	8	45295
20481
5003	8	5204
20481
5003	8	24722
20481
5003	8	17069
20481
5003	8	34901
20481
5003	8	69
20481
5003	8	26857
20481
5003	8	15209
20481
5003	8	47980
20481
5003	8	24870
20481
5003	8	27293
20481
5003	8	40876
20481
5003	8	11344
20481
5003	8	20901
20481
5003	8	25297
20481
5003	8	31155
20481
5003	8	26422
20481
5003	8	40221
20481
5003	8	33888
20481
5003	8	59660
20481
5003	8	37362
20481
5003	8	6045
20481
5003	8	52922
20481
5003	8	43206
20481
5003	8	24047
20481
5003	8	57508
20481
5003	8	57073
20481
5003	8	6168
20481
5003	8	4552
20481
5003	8	34168
20481
5003	8	39872
20481
5003	8	33245
20481
5003	8	3861
20481
5003	8	31114
20481
5003	8	32838
20481
5003	8	4705
20481
5003	8	29540
20481
5003	8	31404
20481
5003	8	41883
20481
5003	8	58936
20481
5003	8	5526
20481
5003	8	4914
20481
5003	8	1110
20481
5003	8	5562
20481
5003	8	54440
20481
5003	8	47578
20481
5003	8	38403
20481
5003	8	50506
20481
5003	8	11533
20481
5003	8	5548
20481
5003	8	4898
20481
5003	8	27934
20481
5003	8	47054
20481
5003	8	27237
20481
5003	8	6731
20481
5003	8	35022
20481
20481
5003	8	63027
20481
5003	8	59276
20481
5003	8	34398
20481
5003	8	34146
20481
5003	8	11923
20481
5003	8	29328
20481
5003	8	28816
20481
5003	8	264
20481
5003	8	30182
20481
5003	8	22219
20481
20481
5003	8	57167
20481
5003	8	49007
20481
5003	8	30209
20481
5003	8	53756
20481
5003	8	11777
20481
5003	8	53516
20481
5003	8	18409
20481
5003	8	2431
20481
5003	8	12460
20481
20481
5003	8	13813
20481
5003	8	6743
20481
5003	8	58246
20481
5003	8	65155
20481
5003	8	60700
20481
5003	8	31901
20481
5003	8	33313
20481
5003	8	5698
20481
5003	8	58810
20481
5003	8	53475
20481
5003	8	59828
20481
5003	8	40039
20481
5003	8	25515
20481
5003	8	28281
20481
5003	8	32786
20481
5003	8	63842
20481
20481
5003	8	49724
20481
5003	8	58388
20481
5003	8	57470
20481
5003	8	47732
20481
5003	8	50053
20481
5003	8	61858
20481
5003	8	48934
20481
5003	8	40351
20481
5003	8	30310
20481
5003	8	49945
20481
5003	8	9705
20481
5003	8	49789
20481
5003	8	39042
20481
5003	8	36018
20481
5003	8	41728
20481
5003	8	55460
20481
5003	8	691
20481
5003	8	21011
20481
5003	8	50677
20481
5003	8	30203
20481
5003	8	39497
20481
5003	8	29258
20481
5003	8	55267
20481
5003	8	40268
20481
5003	8	53426
20481
5003	8	62610
20481
5003	8	14607
20481
5003	8	21319
20481
5003	8	63527
20481
5003	8	44622
20481
5003	8	4923
20481
5003	8	35341
20481
5003	8	30645
20481
5003	8	61809
20481
5003	8	19395
20481
5003	8	20079
20481
5003	8	35642
20481
5003	8	43333
20481
5003	8	28689
20481
5003	8	43854
20481
20481
5003	8	19677
20481
5003	8	22804
20481
5003	8	1760
20481
5003	8	41175
20481
5003	8	23946
20481
5003	8	13493
20481
5003	8	31983
20481
5003	8	25586
20481
5003	8	34950
20481
5003	8	53091
20481
5003	8	26093
20481
5003	8	38266
20481
5003	8	44082
20481
5003	8	58442
20481
5003	8	19822
20481
5003	8	42793
20481
5003	8	59234
20481
5003	8	23073
20481
5003	8	13731
20481
5003	8	39572
20481
5003	8	51195
20481
5003	8	38632
20481
5003	8	1215
20481
5003	8	53033
20481
5003	8	10672
20481
5003	8	29225
20481
5003	8	5091
20481
5003	8	39405
20481
5003	8	48980
20481
5003	8	32335
20481
5003	8	56400
20481
5003	8	51527
20481
5003	8	44050
20481
5003	8	47818
20481
5003	8	2356
20481
5003	8	42218
20481
20481
5003	8	9422
20481
5003	8	2228
20481
5003	8	41374
20481
5003	8	3323
20481
5003	8	32658
20481
5003	8	55654
20481
5003	8	65200
20481
5003	8	25097
20481
5003	8	11038
20481
5003	8	42693
20481
5003	8	17174
20481
5003	8	14218
20481
5003	8	40736
20481
5003	8	20943
20481
20481
5003	8	55781
20481
5003	8	30098
20481
5003	8	40140
20481
5003	8	27519
20481
5003	8	58603
20481
5003	8	35790
20481
5003	8	65218
20481
5003	8	52674
20481
5003	8	6388
20481
5003	8	16134
20481
5003	8	20219
20481
5003	8	45718
20481
5003	8	14277
20481
5003	8	45824
20481
5003	8	44408
20481
5003	8	30058
20481
5003	8	52791
20481
5003	8	18792
20481
5003	8	58254
20481
5003	8	19210
20481
5003	8	64230
20481
5003	8	60478
20481
5003	8	32892
20481
5003	8	10576
20481
5003	8	5202
20481
5003	8	59758
20481
5003	8	32283
20481
5003	8	33024
20481
5003	8	30705
20481
5003	8	38387
20481
5003	8	47045
20481
5003	8	16109
20481
5003	8	53787
20481
5003	8	45295
20481
5003	8	5204
20481
5003	8	24722
20481
5003	8	17069
20481
5003	8	34901
20481
5003	8	69
20481
5003	8	26857
20481
5003	8	15209
20481
5003	8	47980
20481
5003	8	24870
20481
5003	8	27293
20481
5003	8	40876
20481
5003	8	11344
20481
5003	8	20901
20481
5003	8	25297
20481
5003	8	31155
20481
5003	8	26422
20481
5003	8	40221
20481
5003	8	33888
20481
5003	8	59660
20481
5003	8	37362
20481
5003	8	6045
20481
5003	8	52922
20481
5003	8	43206
20481
5003	8	24047
20481
5003	8	57508
20481
5003	8	57073
20481
5003	8	6168
20481
5003	8	4552
20481
5003	8	34168
20481
5003	8	39872
20481
5003	8	33245
20481
5003	8	3861
20481
5003	8	31114
20481
5003	8	32838
20481
5003	8	4705
20481
5003	8	29540
20481
5003	8	31404
20481
5003	8	41883
20481
5003	8	58936
20481
5003	8	5526
20481
5003	8	4914
20481
5003	8	1110
20481
5003	8	5562
20481
5003	8	54440
20481
5003	8	47578
20481
5003	8	38403
20481
5003	8	50506
20481
5003	8	11533
20481
5003	8	5548
20481
5003	8	4898
20481
5003	8	27934
20481
5003	8	47054
20481
5003	8	27237
20481
5003	8	6731
20481
5003	8	35022
20481
20481
5003	8	63027
20481
5003	8	59276
20481
5003	8	34398
20481
5003	8	34146
20481
5003	8	11923
20481
5003	8	29328
20481
5003	8	28816
20481
5003	8	264
20481
5003	8	30182
20481
5003	8	22219
20481
20481
5003	8	57167
20481
5003	8	49007
20481
5003	8	30209
20481
5003	8	53756
20481
5003	8	11777
20481
5003	8	53516
20481
5003	8	18409
20481
5003	8	2431
20481
5003	8	12460
20481
20481
5003	8	13813
20481
5003	8	6743
20481
5003	8	58246
20481
5003	8	65155
20481
5003	8	60700
20481
5003	8	31901
20481
5003	8	33313
20481
5003	8	5698
20481
5003	8	58810
20481
5003	8	53475
20481
5003	8	59828
20481
5003	8	40039
20481
5003	8	25515
20481
5003	8	28281
20481
5003	8	32786
20481
5003	8	63842
20481
20481
5003	8	49724
20481
5003	8	58388
20481
5003	8	57470
20481
5003	8	47732
20481
5003	8	50053
20481
5003	8	61858
20481
5003	8	48934
20481
5003	8	40351
20481
5003	8	30310
20481
5003	8	49945
20481
5003	8	9705
20481
5003	8	49789
20481
5003	8	39042
20481
5003	8	36018
20481
5003	8	41728
20481
5003	8	55460
20481
5003	8	691
20481
5003	8	21011
20481
5003	8	50677
20481
5003	8	30203
20481
5003	8	39497
20481
5003	8	29258
20481
5003	8	55267
20481
5003	8	40268
20481
5003	8	53426
20481
5003	8	62610
20481
5003	8	14607
20481
5003	8	21319
20481
5003	8	54841
20481
5003	8	17202
20481
5003	8	52970
20481
5003	8	65109
20481
5003	8	46899
20481
5003	8	65223
20481
5003	8	30990
20481
5003	8	63527
20481
5003	8	44622
20481
5003	8	4923
20481
5003	8	35341
20481
5003	8	30645
20481
5003	8	61809
20481
5003	8	19395
20481
5003	8	20079
20481
5003	8	35642
20481
5003	8	43333
20481
5003	8	28689
20481
5003	8	43854
20481
20481
5003	8	19677
20481
5003	8	22804
20481
5003	8	1760
20481
5003	8	41175
20481
5003	8	23946
20481
5003	8	13493
20481
5003	8	31983
20481
5003	8	25586
20481
5003	8	34950
20481
5003	8	53091
20481
5003	8	26093
20481
5003	8	38266
20481
5003	8	44082
20481
5003	8	58442
20481
5003	8	19822
20481
5003	8	42793
20481
5003	8	59234
20481
5003	8	23073
20481
5003	8	13731
20481
5003	8	39572
20481
5003	8	51195
20481
5003	8	38632
20481
5003	8	1215
20481
5003	8	53033
20481
5003	8	10672
20481
5003	8	29225
20481
5003	8	5091
20481
5003	8	39405
20481
5003	8	48980
20481
5003	8	32335
20481
5003	8	56400
20481
5003	8	51527
20481
5003	8	44050
20481
5003	8	47818
20481
5003	8	2356
20481
5003	8	42218
20481
20481
5003	8	9422
20481
5003	8	2228
20481
5003	8	41374
20481
5003	8	3323
20481
5003	8	32658
20481
5003	8	55654
20481
5003	8	65200
20481
5003	8	25097
20481
5003	8	11038
20481
5003	8	42693
20481
5003	8	17174
20481
5003	8	14218
20481
5003	8	40736
20481
5003	8	20943
20481
20481
5003	8	55781
20481
5003	8	30098
20481
5003	8	40140
20481
5003	8	27519
20481
5003	8	58603
20481
5003	8	35790
20481
5003	8	65218
20481
5003	8	52674
20481
5003	8	6388
20481
5003	8	16134
20481
5003	8	20219
20481
5003	8	45718
20481
5003	8	14277
20481
5003	8	45824
20481
5003	8	44408
20481
5003	8	30058
20481
5003	8	52791
20481
5003	8	18792
20481
5003	8	58254
20481
5003	8	19210
20481
5003	8	64230
20481
5003	8	60478
20481
5003	8	32892
20481
5003	8	10576
20481
5003	8	5202
20481
5003	8	59758
20481
5003	8	32283
20481
5003	8	33024
20481
5003	8	30705
20481
5003	8	38387
20481
5003	8	47045
20481
5003	8	16109
20481
5003	8	53787
20481
5003	8	45295
20481
5003	8	5204
20481
5003	8	24722
20481
5003	8	17069
20481
5003	8	34901
20481
5003	8	69
20481
5003	8	26857
20481
5003	8	15209
20481
5003	8	47980
20481
5003	8	24870
20481
5003	8	27293
20481
5003	8	40876
20481
5003	8	11344
20481
5003	8	20901
20481
5003	8	25297
20481
5003	8	31155
20481
5003	8	26422
20481
5003	8	40221
20481
5003	8	33888
20481
5003	8	59660
20481
5003	8	37362
20481
5003	8	6045
20481
5003	8	52922
20481
5003	8	43206
20481
5003	8	24047
20481
5003	8	57508
20481
5003	8	57073
20481
5003	8	6168
20481
5003	8	4552
20481
5003	8	34168
20481
5003	8	39872
20481
5003	8	33245
20481
5003	8	3861
20481
5003	8	31114
20481
5003	8	32838
20481
5003	8	4705
20481
5003	8	29540
20481
5003	8	31404
20481
5003	8	41883
20481
5003	8	58936
20481
5003	8	5526
20481
5003	8	4914
20481
5003	8	1110
20481
5003	8	5562
20481
5003	8	54440
20481
5003	8	47578
20481
5003	8	38403
20481
5003	8	50506
20481
5003	8	11533
20481
5003	8	5548
20481
5003	8	4898
20481
5003	8	27934
20481
5003	8	47054
20481
5003	8	27237
20481
5003	8	6731
20481
5003	8	35022
20481
20481
5003	8	63027
20481
5003	8	59276
20481
5003	8	34398
20481
5003	8	34146
20481
5003	8	11923
20481
5003	8	29328
20481
5003	8	28816
20481
5003	8	264
20481
5003	8	30182
20481
5003	8	22219
20481
20481
5003	8	57167
20481
5003	8	49007
20481
5003	8	30209
20481
5003	8	53756
20481
5003	8	11777
20481
5003	8	53516
20481
5003	8	18409
20481
5003	8	2431
20481
5003	8	12460
20481
20481
5003	8	13813
20481
5003	8	6743
20481
5003	8	58246
20481
5003	8	65155
20481
5003	8	60700
20481
5003	8	31901
20481
5003	8	33313
20481
5003	8	5698
20481
5003	8	58810
20481
5003	8	53475
20481
5003	8	59828
20481
5003	8	40039
20481
5003	8	25515
20481
5003	8	28281
20481
5003	8	32786
20481
5003	8	63842
20481
20481
5003	8	49724
20481
5003	8	58388
20481
5003	8	57470
20481
5003	8	47732
20481
5003	8	50053
20481
5003	8	61858
20481
5003	8	48934
20481
5003	8	40351
20481
5003	8	30310
20481
5003	8	49945
20481
5003	8	9705
20481
5003	8	49789
20481
5003	8	39042
20481
5003	8	36018
20481
5003	8	41728
20481
5003	8	55460
20481
5003	8	691
20481
5003	8	21011
20481
5003	8	50677
20481
5003	8	30203
20481
5003	8	39497
20481
5003	8	29258
20481
5003	8	55267
20481
5003	8	40268
20481
5003	8	53426
20481
5003	8	62610
20481
5003	8	14607
20481
5003	8	21319
20481
5003	8	54841
20481
5003	8	17202
20481
5003	8	52970
20481
5003	8	65109
20481
5003	8	46899
20481
5003	8	65223
20481
5003	8	30990
20481
5003	8	63527
20481
5003	8	44622
20481
5003	8	4923
20481
5003	8	35341
20481
5003	8	30645
20481
5003	8	61809
20481
5003	8	19395
20481
5003	8	20079
20481
5003	8	35642
20481
5003	8	43333
20481
5003	8	28689
20481
5003	8	43854
20481
20481
5003	8	19677
20481
5003	8	22804
20481
5003	8	1760
20481
5003	8	41175
20481
5003	8	23946
20481
5003	8	13493
20481
5003	8	31983
20481
5003	8	25586
20481
5003	8	34950
20481
5003	8	53091
20481
5003	8	26093
20481
5003	8	38266
20481
5003	8	44082
20481
5003	8	58442
20481
5003	8	19822
20481
5003	8	42793
20481
5003	8	59234
20481
5003	8	23073
20481
5003	8	13731
20481
5003	8	39572
20481
5003	8	51195
20481
5003	8	38632
20481
5003	8	1215
20481
5003	8	53033
20481
5003	8	10672
20481
5003	8	29225
20481
5003	8	5091
20481
5003	8	39405
20481
5003	8	48980
20481
5003	8	32335
20481
5003	8	56400
20481
5003	8	51527
20481
5003	8	44050
20481
5003	8	47818
20481
5003	8	2356
20481
5003	8	42218
20481
20481
5003	8	9422
20481
5003	8	2228
20481
5003	8	41374
20481
5003	8	3323
20481
5003	8	32658
20481
5003	8	55654
20481
5003	8	65200
20481
5003	8	25097
20481
5003	8	11038
20481
5003	8	42693
20481
5003	8	17174
20481
5003	8	14218
20481
5003	8	40736
20481
5003	8	20943
20481
20481
5003	8	55781
20481
5003	8	30098
20481
5003	8	40140
20481
5003	8	27519
20481
5003	8	58603
20481
5003	8	35790
20481
5003	8	65218
20481
5003	8	52674
20481
5003	8	6388
20481
5003	8	16134
20481
5003	8	20219
20481
5003	8	45718
20481
5003	8	14277
20481
5003	8	45824
20481
5003	8	44408
20481
5003	8	30058
20481
5003	8	52791
20481
5003	8	18792
20481
5003	8	58254
20481
5003	8	19210
20481
5003	8	64230
20481
5003	8	60478
20481
5003	8	32892
20481
5003	8	10576
20481
5003	8	5202
20481
5003	8	59758
20481
5003	8	32283
20481
5003	8	33024
20481
5003	8	30705
20481
5003	8	38387
20481
5003	8	47045
20481
5003	8	16109
20481
5003	8	53787
20481
5003	8	45295
20481
5003	8	5204
20481
5003	8	24722
20481
5003	8	17069
20481
5003	8	34901
20481
5003	8	69
20481
5003	8	26857
20481
5003	8	15209
20481
5003	8	47980
20481
5003	8	24870
20481
5003	8	27293
20481
5003	8	40876
20481
5003	8	11344
20481
5003	8	20901
20481
5003	8	25297
20481
5003	8	31155
20481
5003	8	26422
20481
5003	8	40221
20481
5003	8	33888
20481
5003	8	59660
20481
5003	8	37362
20481
5003	8	6045
20481
5003	8	52922
20481
5003	8	43206
20481
5003	8	24047
20481
5003	8	57508
20481
5003	8	57073
20481
5003	8	6168
20481
5003	8	4552
20481
5003	8	34168
20481
5003	8	39872
20481
5003	8	33245
20481
5003	8	3861
20481
5003	8	31114
20481
5003	8	32838
20481
5003	8	4705
20481
5003	8	29540
20481
5003	8	31404
20481
5003	8	41883
20481
5003	8	58936
20481
5003	8	5526
20481
5003	8	4914
20481
5003	8	1110
20481
5003	8	5562
20481
5003	8	54440
20481
5003	8	47578
20481
5003	8	38403
20481
5003	8	50506
20481
5003	8	11533
20481
5003	8	5548
20481
5003	8	4898
20481
5003	8	27934
20481
5003	8	47054
20481
5003	8	27237
20481
5003	8	6731
20481
5003	8	35022
20481
20481
5003	8	63027
20481
5003	8	59276
20481
5003	8	34398
20481
5003	8	34146
20481
5003	8	11923
20481
5003	8	29328
20481
5003	8	28816
20481
5003	8	264
20481
5003	8	30182
20481
5003	8	22219
20481
20481
5003	8	57167
20481
5003	8	49007
20481
5003	8	30209
20481
5003	8	53756
20481
5003	8	11777
20481
5003	8	53516
20481
5003	8	18409
20481
5003	8	2431
20481
5003	8	12460
20481
20481
5003	8	13813
20481
5003	8	6743
20481
5003	8	58246
20481
5003	8	65155
20481
5003	8	60700
20481
5003	8	31901
20481
5003	8	33313
20481
5003	8	5698
20481
5003	8	58810
20481
5003	8	53475
20481
5003	8	59828
20481
5003	8	40039
20481
5003	8	25515
20481
5003	8	28281
20481
5003	8	32786
20481
5003	8	63842
20481
20481
5003	8	49724
20481
5003	8	58388
20481
5003	8	57470
20481
5003	8	47732
20481
5003	8	50053
20481
5003	8	61858
20481
5003	8	48934
20481
5003	8	40351
20481
5003	8	30310
20481
5003	8	49945
20481
5003	8	9705
20481
5003	8	49789
20481
5003	8	39042
20481
5003	8	36018
20481
5003	8	41728
20481
5003	8	55460
20481
5003	8	691
20481
5003	8	21011
20481
5003	8	50677
20481
5003	8	30203
20481
5003	8	39497
20481
5003	8	29258
20481
5003	8	55267
20481
5003	8	40268
20481
5003	8	53426
20481
5003	8	62610
20481
5003	8	14607
20481
5003	8	21319
20481
5003	8	54841
20481
5003	8	17202
20481
5003	8	52970
20481
5003	8	65109
20481
5003	8	46899
20481
5003	8	65223
20481
5003	8	30990
20481
5003	8	63527
20481
5003	8	44622
20481
5003	8	4923
20481
5003	8	35341
20481
5003	8	30645
20481
5003	8	61809
20481
5003	8	19395
20481
5003	8	20079
20481
5003	8	35642
20481
5003	8	43333
20481
5003	8	28689
20481
5003	8	43854
20481
20481
5003	8	19677
20481
5003	8	22804
20481
5003	8	1760
20481
5003	8	41175
20481
5003	8	23946
20481
5003	8	13493
20481
5003	8	31983
20481
5003	8	25586
20481
5003	8	34950
20481
5003	8	53091
20481
5003	8	26093
20481
5003	8	38266
20481
5003	8	44082
20481
5003	8	58442
20481
5003	8	19822
20481
5003	8	42793
20481
5003	8	59234
20481
5003	8	23073
20481
5003	8	13731
20481
5003	8	39572
20481
5003	8	51195
20481
5003	8	38632
20481
5003	8	1215
20481
5003	8	53033
20481
5003	8	10672
20481
5003	8	29225
20481
5003	8	5091
20481
5003	8	39405
20481
5003	8	48980
20481
5003	8	32335
20481
5003	8	56400
20481
5003	8	51527
20481
5003	8	44050
20481
5003	8	47818
20481
5003	8	2356
20481
5003	8	42218
20481
20481
5003	8	9422
20481
5003	8	2228
20481
5003	8	41374
20481
5003	8	3323
20481
5003	8	32658
20481
5003	8	55654
20481
5003	8	65200
20481
5003	8	25097
20481
5003	8	11038
20481
5003	8	42693
20481
5003	8	17174
20481
5003	8	14218
20481
5003	8	40736
20481
5003	8	20943
20481
20481
5003	8	55781
20481
5003	8	30098
20481
5003	8	40140
20481
5003	8	27519
20481
5003	8	58603
20481
5003	8	35790
20481
5003	8	65218
20481
5003	8	52674
20481
5003	8	6388
20481
5003	8	16134
20481
5003	8	20219
20481
5003	8	45718
20481
5003	8	14277
20481
5003	8	45824
20481
5003	8	44408
20481
5003	8	30058
20481
5003	8	52791
20481
5003	8	18792
20481
5003	8	58254
20481
5003	8	19210
20481
5003	8	64230
20481
5003	8	60478
20481
5003	8	32892
20481
5003	8	10576
20481
5003	8	5202
20481
5003	8	59758
20481
5003	8	32283
20481
5003	8	33024
20481
5003	8	30705
20481
5003	8	38387
20481
5003	8	47045
20481
5003	8	16109
20481
5003	8	53787
20481
5003	8	45295
20481
5003	8	5204
20481
5003	8	24722
20481
5003	8	17069
20481
5003	8	34901
20481
5003	8	69
20481
5003	8	26857
20481
5003	8	15209
20481
5003	8	47980
20481
5003	8	24870
20481
5003	8	27293
20481
5003	8	40876
20481
5003	8	11344
20481
5003	8	20901
20481
5003	8	25297
20481
5003	8	31155
20481
5003	8	26422
20481
5003	8	40221
20481
5003	8	33888
20481
5003	8	59660
20481
5003	8	37362
20481
5003	8	6045
20481
5003	8	52922
20481
5003	8	43206
20481
5003	8	24047
20481
5003	8	57508
20481
5003	8	57073
20481
5003	8	6168
20481
5003	8	4552
20481
5003	8	34168
20481
5003	8	39872
20481
5003	8	33245
20481
5003	8	3861
20481
5003	8	31114
20481
5003	8	32838
20481
5003	8	4705
20481
5003	8	29540
20481
5003	8	31404
20481
5003	8	41883
20481
5003	8	58936
20481
5003	8	5526
20481
5003	8	4914
20481
5003	8	1110
20481
5003	8	5562
20481
5003	8	54440
20481
5003	8	47578
20481
5003	8	38403
20481
5003	8	50506
20481
5003	8	11533
20481
5003	8	5548
20481
5003	8	4898
20481
5003	8	27934
20481
5003	8	47054
20481
5003	8	27237
20481
5003	8	6731
20481
5003	8	35022
20481
20481
5003	8	63027
20481
5003	8	59276
20481
5003	8	34398
20481
5003	8	34146
20481
5003	8	11923
20481
5003	8	29328
20481
5003	8	28816
20481
5003	8	264
20481
5003	8	30182
20481
5003	8	22219
20481
20481
5003	8	57167
20481
5003	8	49007
20481
5003	8	30209
20481
5003	8	53756
20481
5003	8	11777
20481
5003	8	53516
20481
5003	8	18409
20481
5003	8	2431
20481
5003	8	12460
20481
20481
5003	8	13813
20481
5003	8	6743
20481
5003	8	58246
20481
5003	8	65155
20481
5003	8	60700
20481
5003	8	31901
20481
5003	8	33313
20481
5003	8	5698
20481
5003	8	58810
20481
5003	8	53475
20481
5003	8	59828
20481
5003	8	40039
20481
5003	8	25515
20481
5003	8	28281
20481
5003	8	32786
20481
5003	8	63842
20481
20481
5003	8	49724
20481
5003	8	58388
20481
5003	8	57470
20481
5003	8	47732
20481
5003	8	50053
20481
5003	8	61858
20481
5003	8	48934
20481
5003	8	40351
20481
5003	8	30310
20481
5003	8	49945
20481
5003	8	9705
20481
5003	8	49789
20481
5003	8	39042
20481
5003	8	36018
20481
5003	8	41728
20481
5003	8	55460
20481
5003	8	691
20481
5003	8	21011
20481
5003	8	50677
20481
5003	8	30203
20481
5003	8	39497
20481
5003	8	29258
20481
5003	8	55267
20481
5003	8	40268
20481
5003	8	53426
20481
5003	8	62610
20481
5003	8	14607
20481
5003	8	21319
20481
5003	8	54841
20481
5003	8	17202
20481
5003	8	52970
20481
5003	8	65109
20481
5003	8	46899
20481
5003	8	65223
20481
5003	8	30990
20481
5003	8	63527
20481
5003	8	44622
20481
5003	8	4923
20481
5003	8	35341
20481
5003	8	30645
20481
5003	8	61809
20481
5003	8	19395
20481
5003	8	20079
20481
5003	8	35642
20481
5003	8	43333
20481
5003	8	28689
20481
5003	8	43854
20481
20481
5003	8	19677
20481
5003	8	22804
20481
5003	8	1760
20481
5003	8	41175
20481
5003	8	23946
20481
5003	8	13493
20481
5003	8	31983
20481
5003	8	25586
20481
5003	8	34950
20481
5003	8	53091
20481
5003	8	26093
20481
5003	8	38266
20481
5003	8	44082
20481
5003	8	58442
20481
5003	8	19822
20481
5003	8	42793
20481
5003	8	59234
20481
5003	8	23073
20481
5003	8	13731
20481
5003	8	39572
20481
5003	8	51195
20481
5003	8	38632
20481
5003	8	1215
20481
5003	8	53033
20481
5003	8	10672
20481
5003	8	29225
20481
5003	8	5091
20481
5003	8	39405
20481
5003	8	48980
20481
5003	8	32335
20481
5003	8	56400
20481
5003	8	51527
20481
5003	8	44050
20481
5003	8	47818
20481
5003	8	2356
20481
5003	8	42218
20481
20481
5003	8	9422
20481
5003	8	2228
20481
5003	8	41374
20481
5003	8	3323
20481
5003	8	32658
20481
5003	8	55654
20481
5003	8	65200
20481
5003	8	25097
20481
5003	8	11038
20481
5003	8	42693
20481
5003	8	17174
20481
5003	8	14218
20481
5003	8	40736
20481
5003	8	20943
20481
20481
5003	8	55781
20481
5003	8	30098
20481
5003	8	40140
20481
5003	8	27519
20481
5003	8	58603
20481
5003	8	35790
20481
5003	8	65218
20481
5003	8	52674
20481
5003	8	6388
20481
5003	8	16134
20481
5003	8	20219
20481
5003	8	45718
20481
5003	8	14277
20481
5003	8	45824
20481
5003	8	44408
20481
5003	8	30058
20481
5003	8	52791
20481
5003	8	18792
20481
5003	8	58254
20481
5003	8	19210
20481
5003	8	64230
20481
5003	8	60478
20481
5003	8	32892
20481
5003	8	10576
20481
5003	8	5202
20481
5003	8	59758
20481
5003	8	32283
20481
5003	8	33024
20481
5003	8	30705
20481
5003	8	38387
20481
5003	8	47045
20481
5003	8	16109
20481
5003	8	53787
20481
5003	8	45295
20481
5003	8	5204
20481
5003	8	24722
20481
5003	8	17069
20481
5003	8	34901
20481
5003	8	69
20481
5003	8	26857
20481
5003	8	15209
20481
5003	8	47980
20481
5003	8	24870
20481
5003	8	27293
20481
5003	8	40876
20481
5003	8	11344
20481
5003	8	20901
20481
5003	8	25297
20481
5003	8	31155
20481
5003	8	26422
20481
5003	8	40221
20481
5003	8	33888
20481
5003	8	59660
20481
5003	8	37362
20481
5003	8	6045
20481
5003	8	52922
20481
5003	8	43206
20481
5003	8	24047
20481
5003	8	57508
20481
5003	8	57073
20481
5003	8	6168
20481
5003	8	4552
20481
5003	8	34168
20481
5003	8	39872
20481
5003	8	33245
20481
5003	8	3861
20481
5003	8	31114
20481
5003	8	32838
20481
5003	8	4705
20481
5003	8	29540
20481
5003	8	31404
20481
5003	8	41883
20481
5003	8	58936
20481
5003	8	5526
20481
5003	8	4914
20481
5003	8	1110
20481
5003	8	5562
20481
5003	8	54440
20481
5003	8	47578
20481
5003	8	38403
20481
5003	8	50506
20481
5003	8	11533
20481
5003	8	5548
20481
5003	8	4898
20481
5003	8	27934
20481
5003	8	47054
20481
5003	8	27237
20481
5003	8	6731
20481
5003	8	35022
20481
20481
5003	8	63027
20481
5003	8	59276
20481
5003	8	34398
20481
5003	8	34146
20481
5003	8	11923
20481
5003	8	29328
20481
5003	8	28816
20481
5003	8	264
20481
5003	8	30182
20481
5003	8	22219
20481
20481
5003	8	57167
20481
5003	8	49007
20481
5003	8	30209
20481
5003	8	53756
20481
5003	8	11777
20481
5003	8	53516
20481
5003	8	18409
20481
5003	8	2431
20481
5003	8	12460
20481
20481
5003	8	13813
20481
5003	8	6743
20481
5003	8	58246
20481
5003	8	65155
20481
5003	8	60700
20481
5003	8	31901
20481
5003	8	33313
20481
5003	8	5698
20481
5003	8	58810
20481
5003	8	53475
20481
5003	8	59828
20481
5003	8	40039
20481
5003	8	25515
20481
5003	8	28281
20481
5003	8	32786
20481
5003	8	63842
20481
20481
5003	8	49724
20481
5003	8	58388
20481
5003	8	57470
20481
5003	8	47732
20481
5003	8	50053
20481
5003	8	61858
20481
5003	8	48934
20481
5003	8	40351
20481
5003	8	30310
20481
5003	8	49945
20481
5003	8	9705
20481
5003	8	49789
20481
5003	8	39042
20481
5003	8	36018
20481
5003	8	41728
20481
5003	8	55460
20481
5003	8	691
20481
5003	8	21011
20481
5003	8	50677
20481
5003	8	30203
20481
5003	8	39497
20481
5003	8	29258
20481
5003	8	55267
20481
5003	8	40268
20481
5003	8	53426
20481
5003	8	62610
20481
5003	8	14607
20481
5003	8	21319
20481
5003	8	54841
20481
5003	8	17202
20481
5003	8	52970
20481
5003	8	65109
20481
5003	8	46899
20481
5003	8	65223
20481
5003	8	30990
20481
5003	8	63527
20481
5003	8	44622
20481
5003	8	4923
20481
5003	8	35341
20481
5003	8	30645
20481
5003	8	61809
20481
5003	8	19395
20481
5003	8	20079
20481
5003	8	35642
20481
5003	8	43333
20481
5003	8	28689
20481
5003	8	43854
20481
20481
5003	8	19677
20481
5003	8	22804
20481
5003	8	1760
20481
5003	8	41175
20481
5003	8	23946
20481
5003	8	13493
20481
5003	8	31983
20481
5003	8	25586
20481
5003	8	34950
20481
5003	8	53091
20481
5003	8	26093
20481
5003	8	38266
20481
5003	8	44082
20481
5003	8	58442
20481
5003	8	19822
20481
5003	8	42793
20481
5003	8	59234
20481
5003	8	23073
20481
5003	8	13731
20481
5003	8	39572
20481
5003	8	51195
20481
5003	8	38632
20481
5003	8	1215
20481
5003	8	53033
20481
5003	8	10672
20481
5003	8	29225
20481
5003	8	5091
20481
5003	8	39405
20481
5003	8	48980
20481
5003	8	32335
20481
5003	8	56400
20481
5003	8	51527
20481
5003	8	44050
20481
5003	8	47818
20481
5003	8	2356
20481
5003	8	42218
20481
20481
5003	8	9422
20481
5003	8	2228
20481
5003	8	41374
20481
5003	8	3323
20481
5003	8	32658
20481
5003	8	55654
20481
5003	8	65200
20481
5003	8	25097
20481
5003	8	11038
20481
5003	8	42693
20481
5003	8	17174
20481
5003	8	14218
20481
5003	8	40736
20481
5003	8	20943
20481
20481
5003	8	55781
20481
5003	8	30098
20481
5003	8	40140
20481
5003	8	27519
20481
5003	8	58603
20481
5003	8	35790
20481
5003	8	65218
20481
5003	8	52674
20481
5003	8	6388
20481
5003	8	16134
20481
5003	8	20219
20481
5003	8	45718
20481
5003	8	14277
20481
5003	8	45824
20481
5003	8	44408
20481
5003	8	30058
20481
5003	8	52791
20481
5003	8	18792
20481
5003	8	58254
20481
5003	8	19210
20481
5003	8	64230
20481
5003	8	60478
20481
5003	8	32892
20481
5003	8	10576
20481
5003	8	5202
20481
5003	8	59758
20481
5003	8	32283
20481
5003	8	33024
20481
5003	8	30705
20481
5003	8	38387
20481
5003	8	47045
20481
5003	8	16109
20481
5003	8	53787
20481
5003	8	45295
20481
5003	8	5204
20481
5003	8	24722
20481
5003	8	17069
20481
5003	8	34901
20481
5003	8	69
20481
5003	8	26857
20481
5003	8	15209
20481
5003	8	47980
20481
5003	8	24870
20481
5003	8	27293
20481
5003	8	40876
20481
5003	8	11344
20481
5003	8	20901
20481
5003	8	25297
20481
5003	8	31155
20481
5003	8	26422
20481
5003	8	40221
20481
5003	8	33888
20481
5003	8	59660
20481
5003	8	37362
20481
5003	8	6045
20481
5003	8	52922
20481
5003	8	43206
20481
5003	8	24047
20481
5003	8	57508
20481
5003	8	57073
20481
5003	8	6168
20481
5003	8	4552
20481
5003	8	34168
20481
5003	8	39872
20481
5003	8	33245
20481
5003	8	3861
20481
5003	8	31114
20481
5003	8	32838
20481
5003	8	4705
20481
5003	8	29540
20481
5003	8	31404
20481
5003	8	41883
20481
5003	8	58936
20481
5003	8	5526
20481
5003	8	4914
20481
5003	8	1110
20481
5003	8	5562
20481
5003	8	54440
20481
5003	8	47578
20481
5003	8	38403
20481
5003	8	50506
20481
5003	8	11533
20481
5003	8	5548
20481
5003	8	4898
20481
5003	8	27934
20481
5003	8	47054
20481
5003	8	27237
20481
5003	8	6731
20481
5003	8	35022
20481
20481
5003	8	63027
20481
5003	8	59276
20481
5003	8	34398
20481
5003	8	34146
20481
5003	8	11923
20481
5003	8	29328
20481
5003	8	28816
20481
5003	8	264
20481
5003	8	30182
20481
5003	8	22219
20481
20481
5003	8	57167
20481
5003	8	49007
20481
5003	8	30209
20481
5003	8	53756
20481
5003	8	11777
20481
5003	8	53516
20481
5003	8	18409
20481
5003	8	2431
20481
5003	8	12460
20481
20481
5003	8	13813
20481
5003	8	6743
20481
5003	8	58246
20481
5003	8	65155
20481
5003	8	60700
20481
5003	8	31901
20481
5003	8	33313
20481
5003	8	5698
20481
5003	8	58810
20481
5003	8	53475
20481
5003	8	59828
20481
5003	8	40039
20481
5003	8	25515
20481
5003	8	28281
20481
5003	8	32786
20481
5003	8	63842
20481
20481
5003	8	49724
20481
5003	8	58388
20481
5003	8	57470
20481
5003	8	47732
20481
5003	8	50053
20481
5003	8	61858
20481
5003	8	48934
20481
5003	8	40351
20481
5003	8	30310
20481
5003	8	49945
20481
5003	8	9705
20481
5003	8	49789
20481
5003	8	39042
20481
5003	8	36018
20481
5003	8	41728
20481
5003	8	55460
20481
5003	8	691
20481
5003	8	21011
20481
5003	8	50677
20481
5003	8	30203
20481
5003	8	39497
20481
5003	8	29258
20481
5003	8	55267
20481
5003	8	40268
20481
5003	8	53426
20481
5003	8	62610
20481
5003	8	14607
20481
5003	8	21319
20481
5003	8	54841
20481
5003	8	17202
20481
5003	8	52970
20481
5003	8	65109
20481
5003	8	46899
20481
5003	8	65223
20481
5003	8	30990
20481
5003	8	63527
20481
5003	8	44622
20481
5003	8	4923
20481
5003	8	35341
20481
5003	8	30645
20481
5003	8	61809
20481
5003	8	19395
20481
5003	8	20079
20481
5003	8	35642
20481
5003	8	43333
20481
5003	8	28689
20481
5003	8	43854
20481
20481
5003	8	19677
20481
5003	8	22804
20481
5003	8	1760
20481
5003	8	41175
20481
5003	8	23946
20481
5003	8	13493
20481
5003	8	31983
20481
5003	8	25586
20481
5003	8	34950
20481
5003	8	53091
20481
5003	8	26093
20481
5003	8	38266
20481
5003	8	44082
20481
5003	8	58442
20481
5003	8	19822
20481
5003	8	42793
20481
5003	8	59234
20481
5003	8	23073
20481
5003	8	13731
20481
5003	8	39572
20481
5003	8	51195
20481
5003	8	38632
20481
5003	8	1215
20481
5003	8	53033
20481
5003	8	10672
20481
5003	8	29225
20481
5003	8	5091
20481
5003	8	39405
20481
5003	8	48980
20481
5003	8	32335
20481
5003	8	56400
20481
5003	8	51527
20481
5003	8	44050
20481
5003	8	47818
20481
5003	8	2356
20481
5003	8	42218
20481
20481
5003	8	9422
20481
5003	8	2228
20481
5003	8	41374
20481
5003	8	3323
20481
5003	8	32658
20481
5003	8	55654
20481
5003	8	65200
20481
5003	8	25097
20481
5003	8	11038
20481
5003	8	42693
20481
5003	8	17174
20481
5003	8	14218
20481
5003	8	40736
20481
5003	8	20943
20481
20481
5003	8	55781
20481
5003	8	30098
20481
5003	8	40140
20481
5003	8	27519
20481
5003	8	58603
20481
5003	8	35790
20481
5003	8	65218
20481
5003	8	52674
20481
5003	8	6388
20481
5003	8	16134
20481
5003	8	20219
20481
5003	8	45718
20481
5003	8	14277
20481
5003	8	45824
20481
5003	8	44408
20481
5003	8	30058
20481
5003	8	52791
20481
5003	8	18792
20481
5003	8	58254
20481
5003	8	19210
20481
5003	8	64230
20481
5003	8	60478
20481
5003	8	32892
20481
5003	8	10576
20481
5003	8	5202
20481
5003	8	59758
20481
5003	8	32283
20481
5003	8	33024
20481
5003	8	30705
20481
5003	8	38387
20481
5003	8	47045
20481
5003	8	16109
20481
5003	8	53787
20481
5003	8	45295
20481
5003	8	5204
20481
5003	8	24722
20481
5003	8	17069
20481
5003	8	34901
20481
5003	8	69
20481
5003	8	26857
20481
5003	8	15209
20481
5003	8	47980
20481
5003	8	24870
20481
5003	8	27293
20481
5003	8	40876
20481
5003	8	11344
20481
5003	8	20901
20481
5003	8	25297
20481
5003	8	31155
20481
5003	8	26422
20481
5003	8	40221
20481
5003	8	33888
20481
5003	8	59660
20481
5003	8	37362
20481
5003	8	6045
20481
5003	8	52922
20481
5003	8	43206
20481
5003	8	24047
20481
5003	8	57508
20481
5003	8	57073
20481
5003	8	6168
20481
5003	8	4552
20481
5003	8	34168
20481
5003	8	39872
20481
5003	8	33245
20481
5003	8	3861
20481
5003	8	31114
20481
5003	8	32838
20481
5003	8	4705
20481
5003	8	29540
20481
5003	8	31404
20481
5003	8	41883
20481
5003	8	58936
20481
5003	8	5526
20481
5003	8	4914
20481
5003	8	1110
20481
5003	8	5562
20481
5003	8	54440
20481
5003	8	47578
20481
5003	8	38403
20481
5003	8	50506
20481
5003	8	11533
20481
5003	8	5548
20481
5003	8	4898
20481
5003	8	27934
20481
5003	8	47054
20481
5003	8	27237
20481
5003	8	6731
20481
5003	8	35022
20481
20481
5003	8	63027
20481
5003	8	59276
20481
5003	8	34398
20481
5003	8	34146
20481
5003	8	11923
20481
5003	8	29328
20481
5003	8	28816
20481
5003	8	264
20481
5003	8	30182
20481
5003	8	22219
20481
20481
5003	8	57167
20481
5003	8	49007
20481
5003	8	30209
20481
5003	8	53756
20481
5003	8	11777
20481
5003	8	53516
20481
5003	8	18409
20481
5003	8	2431
20481
5003	8	12460
20481
20481
5003	8	13813
20481
5003	8	6743
20481
5003	8	58246
20481
5003	8	65155
20481
5003	8	60700
20481
5003	8	31901
20481
5003	8	33313
20481
5003	8	5698
20481
5003	8	58810
20481
5003	8	53475
20481
5003	8	59828
20481
5003	8	40039
20481
5003	8	25515
20481
5003	8	28281
20481
5003	8	32786
20481
5003	8	63842
20481
20481
5003	8	49724
20481
5003	8	58388
20481
5003	8	57470
20481
5003	8	47732
20481
5003	8	50053
20481
5003	8	61858
20481
5003	8	48934
20481
5003	8	40351
20481
5003	8	30310
20481
5003	8	49945
20481
5003	8	9705
20481
5003	8	49789
20481
5003	8	39042
20481
5003	8	36018
20481
5003	8	41728
20481
5003	8	55460
20481
5003	8	691
20481
5003	8	21011
20481
5003	8	50677
20481
5003	8	30203
20481
5003	8	39497
20481
5003	8	29258
20481
5003	8	55267
20481
5003	8	40268
20481
5003	8	53426
20481
5003	8	62610
20481
5003	8	14607
20481
5003	8	21319
20481
5003	8	54841
20481
5003	8	17202
20481
5003	8	52970
20481
5003	8	65109
20481
5003	8	46899
20481
5003	8	65223
20481
5003	8	30990
20481
5003	8	63527
20481
5003	8	44622
20481
5003	8	4923
20481
5003	8	35341
20481
5003	8	30645
20481
5003	8	61809
20481
5003	8	19395
20481
5003	8	20079
20481
5003	8	35642
20481
5003	8	43333
20481
5003	8	28689
20481
5003	8	43854
20481
20481
5003	8	19677
20481
5003	8	22804
20481
5003	8	1760
20481
5003	8	41175
20481
5003	8	23946
20481
5003	8	13493
20481
5003	8	31983
20481
5003	8	25586
20481
5003	8	34950
20481
5003	8	53091
20481
5003	8	26093
20481
5003	8	38266
20481
5003	8	44082
20481
5003	8	58442
20481
5003	8	19822
20481
5003	8	42793
20481
5003	8	59234
20481
5003	8	23073
20481
5003	8	13731
20481
5003	8	39572
20481
5003	8	51195
20481
5003	8	38632
20481
5003	8	1215
20481
5003	8	53033
20481
5003	8	10672
20481
5003	8	29225
20481
5003	8	5091
20481
5003	8	39405
20481
5003	8	48980
20481
5003	8	32335
20481
5003	8	56400
20481
5003	8	51527
20481
5003	8	44050
20481
5003	8	47818
20481
5003	8	2356
20481
5003	8	42218
20481
20481
5003	8	9422
20481
5003	8	2228
20481
5003	8	41374
20481
5003	8	3323
20481
5003	8	32658
20481
5003	8	55654
20481
5003	8	65200
20481
5003	8	25097
20481
5003	8	11038
20481
5003	8	42693
20481
5003	8	17174
20481
5003	8	14218
20481
5003	8	40736
20481
5003	8	20943
20481
20481
5003	8	55781
20481
5003	8	30098
20481
5003	8	40140
20481
5003	8	27519
20481
5003	8	58603
20481
5003	8	35790
20481
5003	8	65218
20481
5003	8	52674
20481
5003	8	6388
20481
5003	8	16134
20481
5003	8	20219
20481
5003	8	45718
20481
5003	8	14277
20481
5003	8	45824
20481
5003	8	44408
20481
5003	8	30058
20481
5003	8	52791
20481
5003	8	18792
20481
5003	8	58254
20481
5003	8	19210
20481
5003	8	64230
20481
5003	8	60478
20481
5003	8	32892
20481
5003	8	10576
20481
5003	8	5202
20481
5003	8	59758
20481
5003	8	32283
20481
5003	8	33024
20481
5003	8	30705
20481
5003	8	38387
20481
5003	8	47045
20481
5003	8	16109
20481
5003	8	53787
20481
5003	8	45295
20481
5003	8	5204
20481
5003	8	24722
20481
5003	8	17069
20481
5003	8	34901
20481
5003	8	69
20481
5003	8	26857
20481
5003	8	15209
20481
5003	8	47980
20481
5003	8	24870
20481
5003	8	27293
20481
5003	8	40876
20481
5003	8	11344
20481
5003	8	20901
20481
5003	8	25297
20481
5003	8	31155
20481
5003	8	26422
20481
5003	8	40221
20481
5003	8	33888
20481
5003	8	59660
20481
5003	8	37362
20481
5003	8	6045
20481
5003	8	52922
20481
5003	8	43206
20481
5003	8	24047
20481
5003	8	57508
20481
5003	8	57073
20481
5003	8	6168
20481
5003	8	4552
20481
5003	8	34168
20481
5003	8	39872
20481
5003	8	33245
20481
5003	8	3861
20481
5003	8	31114
20481
5003	8	32838
20481
5003	8	4705
20481
5003	8	29540
20481
5003	8	31404
20481
5003	8	41883
20481
5003	8	58936
20481
5003	8	5526
20481
5003	8	4914
20481
5003	8	1110
20481
5003	8	5562
20481
5003	8	54440
20481
5003	8	47578
20481
5003	8	38403
20481
5003	8	50506
20481
5003	8	11533
20481
5003	8	5548
20481
5003	8	4898
20481
5003	8	27934
20481
5003	8	47054
20481
5003	8	27237
20481
5003	8	6731
20481
5003	8	35022
20481
20481
5003	8	63027
20481
5003	8	59276
20481
5003	8	34398
20481
5003	8	34146
20481
5003	8	11923
20481
5003	8	29328
20481
5003	8	28816
20481
5003	8	264
20481
5003	8	30182
20481
5003	8	22219
20481
20481
5003	8	57167
20481
5003	8	49007
20481
5003	8	30209
20481
5003	8	53756
20481
5003	8	11777
20481
5003	8	53516
20481
5003	8	18409
20481
5003	8	2431
20481
5003	8	12460
20481
20481
5003	8	13813
20481
5003	8	6743
20481
5003	8	58246
20481
5003	8	65155
20481
5003	8	60700
20481
5003	8	31901
20481
5003	8	33313
20481
5003	8	5698
20481
5003	8	58810
20481
5003	8	53475
20481
5003	8	59828
20481
5003	8	40039
20481
5003	8	25515
20481
5003	8	28281
20481
5003	8	32786
20481
5003	8	63842
20481
20481
5003	8	49724
20481
5003	8	58388
20481
5003	8	57470
20481
5003	8	47732
20481
5003	8	50053
20481
5003	8	61858
20481
5003	8	48934
20481
5003	8	40351
20481
5003	8	30310
20481
5003	8	49945
20481
5003	8	9705
20481
5003	8	49789
20481
5003	8	39042
20481
5003	8	36018
20481
5003	8	41728
20481
5003	8	55460
20481
5003	8	691
20481
5003	8	21011
20481
5003	8	50677
20481
5003	8	30203
20481
5003	8	39497
20481
5003	8	29258
20481
5003	8	55267
20481
5003	8	40268
20481
5003	8	53426
20481
5003	8	62610
20481
5003	8	14607
20481
5003	8	21319
20481
5003	8	54841
20481
5003	8	17202
20481
5003	8	52970
20481
5003	8	65109
20481
5003	8	46899
20481
5003	8	65223
20481
5003	8	30990
20481
5003	8	63527
20481
5003	8	44622
20481
5003	8	4923
20481
5003	8	35341
20481
5003	8	30645
20481
5003	8	61809
20481
5003	8	19395
20481
5003	8	20079
20481
5003	8	35642
20481
5003	8	43333
20481
5003	8	28689
20481
5003	8	43854
20481
20481
5003	8	19677
20481
5003	8	22804
20481
5003	8	1760
20481
5003	8	41175
20481
5003	8	23946
20481
5003	8	13493
20481
5003	8	31983
20481
5003	8	25586
20481
5003	8	34950
20481
5003	8	53091
20481
5003	8	26093
20481
5003	8	38266
20481
5003	8	44082
20481
5003	8	58442
20481
5003	8	19822
20481
5003	8	42793
20481
5003	8	59234
20481
5003	8	23073
20481
5003	8	13731
20481
5003	8	39572
20481
5003	8	51195
20481
5003	8	38632
20481
5003	8	1215
20481
5003	8	53033
20481
5003	8	10672
20481
5003	8	29225
20481
5003	8	5091
20481
5003	8	39405
20481
5003	8	48980
20481
5003	8	32335
20481
5003	8	56400
20481
5003	8	51527
20481
5003	8	44050
20481
5003	8	47818
20481
5003	8	2356
20481
5003	8	42218
20481
20481
5003	8	9422
20481
5003	8	2228
20481
5003	8	41374
20481
5003	8	3323
20481
5003	8	32658
20481
5003	8	55654
20481
5003	8	65200
20481
5003	8	25097
20481
5003	8	11038
20481
5003	8	42693
20481
5003	8	17174
20481
5003	8	14218
20481
5003	8	40736
20481
5003	8	20943
20481
20481
5003	8	55781
20481
5003	8	30098
20481
5003	8	40140
20481
5003	8	27519
20481
5003	8	58603
20481
5003	8	35790
20481
5003	8	65218
20481
5003	8	52674
20481
5003	8	6388
20481
5003	8	16134
20481
5003	8	20219
20481
5003	8	45718
20481
5003	8	14277
20481
5003	8	45824
20481
5003	8	44408
20481
5003	8	30058
20481
5003	8	52791
20481
5003	8	18792
20481
5003	8	58254
20481
5003	8	19210
20481
5003	8	64230
20481
5003	8	60478
20481
5003	8	32892
20481
5003	8	10576
20481
5003	8	5202
20481
5003	8	59758
20481
5003	8	32283
20481
5003	8	33024
20481
5003	8	30705
20481
5003	8	38387
20481
5003	8	47045
20481
5003	8	16109
20481
5003	8	53787
20481
5003	8	45295
20481
5003	8	5204
20481
5003	8	24722
20481
5003	8	17069
20481
5003	8	34901
20481
5003	8	69
20481
5003	8	26857
20481
5003	8	15209
20481
5003	8	47980
20481
5003	8	24870
20481
5003	8	27293
20481
5003	8	40876
20481
5003	8	11344
20481
5003	8	20901
20481
5003	8	25297
20481
5003	8	31155
20481
5003	8	26422
20481
5003	8	40221
20481
5003	8	33888
20481
5003	8	59660
20481
5003	8	37362
20481
5003	8	6045
20481
5003	8	52922
20481
5003	8	43206
20481
5003	8	24047
20481
5003	8	57508
20481
5003	8	57073
20481
5003	8	6168
20481
5003	8	4552
20481
5003	8	34168
20481
5003	8	39872
20481
5003	8	33245
20481
5003	8	3861
20481
5003	8	31114
20481
5003	8	32838
20481
5003	8	4705
20481
5003	8	29540
20481
5003	8	31404
20481
5003	8	41883
20481
5003	8	58936
20481
5003	8	5526
20481
5003	8	4914
20481
5003	8	1110
20481
5003	8	5562
20481
5003	8	54440
20481
5003	8	47578
20481
5003	8	38403
20481
5003	8	50506
20481
5003	8	11533
20481
5003	8	5548
20481
5003	8	4898
20481
5003	8	27934
20481
5003	8	47054
20481
5003	8	27237
20481
5003	8	6731
20481
5003	8	35022
20481
20481
5003	8	63027
20481
5003	8	59276
20481
5003	8	34398
20481
5003	8	34146
20481
5003	8	11923
20481
5003	8	29328
20481
5003	8	28816
20481
5003	8	264
20481
5003	8	30182
20481
5003	8	22219
20481
20481
5003	8	57167
20481
5003	8	49007
20481
5003	8	30209
20481
5003	8	53756
20481
5003	8	11777
20481
5003	8	53516
20481
5003	8	18409
20481
5003	8	2431
20481
5003	8	12460
20481
20481
5003	8	13813
20481
5003	8	6743
20481
5003	8	58246
20481
5003	8	65155
20481
5003	8	60700
20481
5003	8	31901
20481
5003	8	33313
20481
5003	8	5698
20481
5003	8	58810
20481
5003	8	53475
20481
5003	8	59828
20481
5003	8	40039
20481
5003	8	25515
20481
5003	8	28281
20481
5003	8	32786
20481
5003	8	63842
20481
20481
5003	8	49724
20481
5003	8	58388
20481
5003	8	57470
20481
5003	8	47732
20481
5003	8	50053
20481
5003	8	61858
20481
5003	8	48934
20481
5003	8	40351
20481
5003	8	30310
20481
5003	8	49945
20481
5003	8	9705
20481
5003	8	49789
20481
5003	8	39042
20481
5003	8	36018
20481
5003	8	41728
20481
5003	8	55460
20481
5003	8	691
20481
5003	8	21011
20481
5003	8	50677
20481
5003	8	30203
20481
5003	8	39497
20481
5003	8	29258
20481
5003	8	55267
20481
5003	8	40268
20481
5003	8	53426
20481
5003	8	62610
20481
5003	8	14607
20481
5003	8	21319
20481
5003	8	54841
20481
5003	8	17202
20481
5003	8	52970
20481
5003	8	65109
20481
5003	8	46899
20481
5003	8	65223
20481
5003	8	30990
20481
5003	8	63527
20481
5003	8	44622
20481
5003	8	4923
20481
5003	8	35341
20481
5003	8	30645
20481
5003	8	61809
20481
5003	8	19395
20481
5003	8	20079
20481
5003	8	35642
20481
5003	8	43333
20481
5003	8	28689
20481
5003	8	43854
20481
20481
5003	8	19677
20481
5003	8	22804
20481
5003	8	1760
20481
5003	8	41175
20481
5003	8	23946
20481
5003	8	13493
20481
5003	8	31983
20481
5003	8	25586
20481
5003	8	34950
20481
5003	8	53091
20481
5003	8	26093
20481
5003	8	38266
20481
5003	8	44082
20481
5003	8	58442
20481
5003	8	19822
20481
5003	8	42793
20481
5003	8	59234
20481
5003	8	23073
20481
5003	8	13731
20481
5003	8	39572
20481
5003	8	51195
20481
5003	8	38632
20481
5003	8	1215
20481
5003	8	53033
20481
5003	8	10672
20481
5003	8	29225
20481
5003	8	5091
20481
5003	8	39405
20481
5003	8	48980
20481
5003	8	32335
20481
5003	8	56400
20481
5003	8	51527
20481
5003	8	44050
20481
5003	8	47818
20481
5003	8	2356
20481
5003	8	42218
20481
20481
5003	8	9422
20481
5003	8	2228
20481
5003	8	41374
20481
5003	8	3323
20481
5003	8	32658
20481
5003	8	55654
20481
5003	8	65200
20481
5003	8	25097
20481
5003	8	11038
20481
5003	8	42693
20481
5003	8	17174
20481
5003	8	14218
20481
5003	8	40736
20481
5003	8	20943
20481
20481
5003	8	55781
20481
5003	8	30098
20481
5003	8	40140
20481
5003	8	27519
20481
5003	8	58603
20481
5003	8	35790
20481
5003	8	65218
20481
5003	8	52674
20481
5003	8	6388
20481
5003	8	16134
20481
5003	8	20219
20481
5003	8	45718
20481
5003	8	14277
20481
5003	8	45824
20481
5003	8	44408
20481
5003	8	30058
20481
5003	8	52791
20481
5003	8	18792
20481
5003	8	58254
20481
5003	8	19210
20481
5003	8	64230
20481
5003	8	60478
20481
5003	8	32892
20481
5003	8	10576
20481
5003	8	5202
20481
5003	8	59758
20481
5003	8	32283
20481
5003	8	33024
20481
5003	8	30705
20481
5003	8	38387
20481
5003	8	47045
20481
5003	8	16109
20481
5003	8	53787
20481
5003	8	45295
20481
5003	8	5204
20481
5003	8	24722
20481
5003	8	17069
20481
5003	8	34901
20481
5003	8	69
20481
5003	8	26857
20481
5003	8	15209
20481
5003	8	47980
20481
5003	8	24870
20481
5003	8	27293
20481
5003	8	40876
20481
5003	8	11344
20481
5003	8	20901
20481
5003	8	25297
20481
5003	8	31155
20481
5003	8	26422
20481
5003	8	40221
20481
5003	8	33888
20481
5003	8	59660
20481
5003	8	37362
20481
5003	8	6045
20481
5003	8	52922
20481
5003	8	43206
20481
5003	8	24047
20481
5003	8	57508
20481
5003	8	57073
20481
5003	8	6168
20481
5003	8	4552
20481
5003	8	34168
20481
5003	8	39872
20481
5003	8	33245
20481
5003	8	3861
20481
5003	8	31114
20481
5003	8	32838
20481
5003	8	4705
20481
5003	8	29540
20481
5003	8	31404
20481
5003	8	41883
20481
5003	8	58936
20481
5003	8	5526
20481
5003	8	4914
20481
5003	8	1110
20481
5003	8	5562
20481
5003	8	54440
20481
5003	8	47578
20481
5003	8	38403
20481
5003	8	50506
20481
5003	8	11533
20481
5003	8	5548
20481
5003	8	4898
20481
5003	8	27934
20481
5003	8	47054
20481
5003	8	27237
20481
5003	8	6731
20481
5003	8	35022
20481
20481
5003	8	63027
20481
5003	8	59276
20481
5003	8	34398
20481
5003	8	34146
20481
5003	8	11923
20481
5003	8	29328
20481
5003	8	28816
20481
5003	8	264
20481
5003	8	30182
20481
5003	8	22219
20481
20481
5003	8	57167
20481
5003	8	49007
20481
5003	8	30209
20481
5003	8	53756
20481
5003	8	11777
20481
5003	8	53516
20481
5003	8	18409
20481
5003	8	2431
20481
5003	8	12460
20481
20481
5003	8	13813
20481
5003	8	6743
20481
5003	8	58246
20481
5003	8	65155
20481
5003	8	60700
20481
5003	8	31901
20481
5003	8	33313
20481
5003	8	5698
20481
5003	8	58810
20481
5003	8	53475
20481
5003	8	59828
20481
5003	8	40039
20481
5003	8	25515
20481
5003	8	28281
20481
5003	8	32786
20481
5003	8	63842
20481
20481
5003	8	49724
20481
5003	8	58388
20481
5003	8	57470
20481
5003	8	47732
20481
5003	8	50053
20481
5003	8	61858
20481
5003	8	48934
20481
5003	8	40351
20481
5003	8	30310
20481
5003	8	49945
20481
5003	8	9705
20481
5003	8	49789
20481
5003	8	39042
20481
5003	8	36018
20481
5003	8	41728
20481
5003	8	55460
20481
5003	8	691
20481
5003	8	21011
20481
5003	8	50677
20481
5003	8	30203
20481
5003	8	39497
20481
5003	8	29258
20481
5003	8	55267
20481
5003	8	40268
20481
5003	8	53426
20481
5003	8	62610
20481
5003	8	14607
20481
5003	8	21319
20481
5003	8	54841
20481
5003	8	17202
20481
5003	8	52970
20481
5003	8	65109
20481
5003	8	46899
20481
5003	8	65223
20481
5003	8	30990
20481
5003	8	63527
20481
5003	8	44622
20481
5003	8	4923
20481
5003	8	35341
20481
5003	8	30645
20481
5003	8	61809
20481
5003	8	19395
20481
5003	8	20079
20481
5003	8	35642
20481
5003	8	43333
20481
5003	8	28689
20481
5003	8	43854
20481
20481
5003	8	19677
20481
5003	8	22804
20481
5003	8	1760
20481
5003	8	41175
20481
5003	8	23946
20481
5003	8	13493
20481
5003	8	31983
20481
5003	8	25586
20481
5003	8	34950
20481
5003	8	53091
20481
5003	8	26093
20481
5003	8	38266
20481
5003	8	44082
20481
5003	8	58442
20481
5003	8	19822
20481
5003	8	42793
20481
5003	8	59234
20481
5003	8	23073
20481
5003	8	13731
20481
5003	8	39572
20481
5003	8	51195
20481
5003	8	38632
20481
5003	8	1215
20481
5003	8	53033
20481
5003	8	10672
20481
5003	8	29225
20481
5003	8	5091
20481
5003	8	39405
20481
5003	8	48980
20481
5003	8	32335
20481
5003	8	56400
20481
5003	8	51527
20481
5003	8	44050
20481
5003	8	47818
20481
5003	8	2356
20481
5003	8	42218
20481
20481
5003	8	9422
20481
5003	8	2228
20481
5003	8	41374
20481
5003	8	3323
20481
5003	8	32658
20481
5003	8	55654
20481
5003	8	65200
20481
5003	8	25097
20481
5003	8	11038
20481
5003	8	42693
20481
5003	8	17174
20481
5003	8	14218
20481
5003	8	40736
20481
5003	8	20943
20481
20481
5003	8	55781
20481
5003	8	30098
20481
5003	8	40140
20481
5003	8	27519
20481
5003	8	58603
20481
5003	8	35790
20481
5003	8	65218
20481
5003	8	52674
20481
5003	8	6388
20481
5003	8	16134
20481
5003	8	20219
20481
5003	8	45718
20481
5003	8	14277
20481
5003	8	45824
20481
5003	8	44408
20481
5003	8	30058
20481
5003	8	52791
20481
5003	8	18792
20481
5003	8	58254
20481
5003	8	19210
20481
5003	8	64230
20481
5003	8	60478
20481
5003	8	32892
20481
5003	8	10576
20481
5003	8	5202
20481
5003	8	59758
20481
5003	8	32283
20481
5003	8	33024
20481
5003	8	30705
20481
5003	8	38387
20481
5003	8	47045
20481
5003	8	16109
20481
5003	8	53787
20481
5003	8	45295
20481
5003	8	5204
20481
5003	8	24722
20481
5003	8	17069
20481
5003	8	34901
20481
5003	8	69
20481
5003	8	26857
20481
5003	8	15209
20481
5003	8	47980
20481
5003	8	24870
20481
5003	8	27293
20481
5003	8	40876
20481
5003	8	11344
20481
5003	8	20901
20481
5003	8	25297
20481
5003	8	31155
20481
5003	8	26422
20481
5003	8	40221
20481
5003	8	33888
20481
5003	8	59660
20481
5003	8	37362
20481
5003	8	6045
20481
5003	8	52922
20481
5003	8	43206
20481
5003	8	24047
20481
5003	8	57508
20481
5003	8	57073
20481
5003	8	6168
20481
5003	8	4552
20481
5003	8	34168
20481
5003	8	39872
20481
5003	8	33245
20481
5003	8	3861
20481
5003	8	31114
20481
5003	8	32838
20481
5003	8	4705
20481
5003	8	29540
20481
5003	8	31404
20481
5003	8	41883
20481
5003	8	58936
20481
5003	8	5526
20481
5003	8	4914
20481
5003	8	1110
20481
5003	8	5562
20481
5003	8	54440
20481
5003	8	47578
20481
5003	8	38403
20481
5003	8	50506
20481
5003	8	11533
20481
5003	8	5548
20481
5003	8	4898
20481
5003	8	27934
20481
5003	8	47054
20481
5003	8	27237
20481
5003	8	6731
20481
5003	8	35022
20481
20481
5003	8	63027
20481
5003	8	59276
20481
5003	8	34398
20481
5003	8	34146
20481
5003	8	11923
20481
5003	8	29328
20481
5003	8	28816
20481
5003	8	264
20481
5003	8	30182
20481
5003	8	22219
20481
20481
5003	8	57167
20481
5003	8	49007
20481
5003	8	30209
20481
5003	8	53756
20481
5003	8	11777
20481
5003	8	53516
20481
5003	8	18409
20481
5003	8	2431
20481
5003	8	12460
20481
20481
5003	8	13813
20481
5003	8	6743
20481
5003	8	58246
20481
5003	8	65155
20481
5003	8	60700
20481
5003	8	31901
20481
5003	8	33313
20481
5003	8	5698
20481
5003	8	58810
20481
5003	8	53475
20481
5003	8	59828
20481
5003	8	40039
20481
5003	8	25515
20481
5003	8	28281
20481
5003	8	32786
20481
5003	8	63842
20481
20481
5003	8	49724
20481
5003	8	58388
20481
5003	8	57470
20481
5003	8	47732
20481
5003	8	50053
20481
5003	8	61858
20481
5003	8	48934
20481
5003	8	40351
20481
5003	8	30310
20481
5003	8	49945
20481
5003	8	9705
20481
5003	8	49789
20481
5003	8	39042
20481
5003	8	36018
20481
5003	8	41728
20481
5003	8	55460
20481
5003	8	691
20481
5003	8	21011
20481
5003	8	50677
20481
5003	8	30203
20481
5003	8	39497
20481
5003	8	29258
20481
5003	8	55267
20481
5003	8	40268
20481
5003	8	53426
20481
5003	8	62610
20481
5003	8	14607
20481
5003	8	21319
20481
5003	8	54841
20481
5003	8	17202
20481
5003	8	52970
20481
5003	8	65109
20481
5003	8	46899
20481
5003	8	65223
20481
5003	8	30990
20481
5003	8	63527
20481
5003	8	44622
20481
5003	8	4923
20481
5003	8	35341
20481
5003	8	30645
20481
5003	8	61809
20481
5003	8	19395
20481
5003	8	20079
20481
5003	8	35642
20481
5003	8	43333
20481
5003	8	28689
20481
5003	8	43854
20481
20481
5003	8	19677
20481
5003	8	22804
20481
5003	8	1760
20481
5003	8	41175
20481
5003	8	23946
20481
5003	8	13493
20481
5003	8	31983
20481
5003	8	25586
20481
5003	8	34950
20481
5003	8	53091
20481
5003	8	26093
20481
5003	8	38266
20481
5003	8	44082
20481
5003	8	58442
20481
5003	8	19822
20481
5003	8	42793
20481
5003	8	59234
20481
5003	8	23073
20481
5003	8	13731
20481
5003	8	39572
20481
5003	8	51195
20481
5003	8	38632
20481
5003	8	1215
20481
5003	8	53033
20481
5003	8	10672
20481
5003	8	29225
20481
5003	8	5091
20481
5003	8	39405
20481
5003	8	48980
20481
5003	8	32335
20481
5003	8	56400
20481
5003	8	51527
20481
5003	8	44050
20481
5003	8	47818
20481
5003	8	2356
20481
5003	8	42218
20481
20481
5003	8	9422
20481
5003	8	2228
20481
5003	8	41374
20481
5003	8	3323
20481
5003	8	32658
20481
5003	8	55654
20481
5003	8	65200
20481
5003	8	25097
20481
5003	8	11038
20481
5003	8	42693
20481
5003	8	17174
20481
5003	8	14218
20481
5003	8	40736
20481
5003	8	20943
20481
20481
5003	8	55781
20481
5003	8	30098
20481
5003	8	40140
20481
5003	8	27519
20481
5003	8	58603
20481
5003	8	35790
20481
5003	8	65218
20481
5003	8	52674
20481
5003	8	6388
20481
5003	8	16134
20481
5003	8	20219
20481
5003	8	45718
20481
5003	8	14277
20481
5003	8	45824
20481
5003	8	44408
20481
5003	8	30058
20481
5003	8	52791
20481
5003	8	18792
20481
5003	8	58254
20481
5003	8	19210
20481
5003	8	64230
20481
5003	8	60478
20481
5003	8	32892
20481
5003	8	10576
20481
5003	8	5202
20481
5003	8	59758
20481
5003	8	32283
20481
5003	8	33024
20481
5003	8	30705
20481
5003	8	38387
20481
5003	8	47045
20481
5003	8	16109
20481
5003	8	53787
20481
5003	8	45295
20481
5003	8	5204
20481
5003	8	24722
20481
5003	8	17069
20481
5003	8	34901
20481
5003	8	69
20481
5003	8	26857
20481
5003	8	15209
20481
5003	8	47980
20481
5003	8	24870
20481
5003	8	27293
20481
5003	8	40876
20481
5003	8	11344
20481
5003	8	20901
20481
5003	8	25297
20481
5003	8	31155
20481
5003	8	26422
20481
5003	8	40221
20481
5003	8	33888
20481
5003	8	59660
20481
5003	8	37362
20481
5003	8	6045
20481
5003	8	52922
20481
5003	8	43206
20481
5003	8	24047
20481
5003	8	57508
20481
5003	8	57073
20481
5003	8	6168
20481
5003	8	4552
20481
5003	8	34168
20481
5003	8	39872
20481
5003	8	33245
20481
5003	8	3861
20481
5003	8	31114
20481
5003	8	32838
20481
5003	8	4705
20481
5003	8	29540
20481
5003	8	31404
20481
5003	8	41883
20481
5003	8	58936
20481
5003	8	5526
20481
5003	8	4914
20481
5003	8	1110
20481
5003	8	5562
20481
5003	8	54440
20481
5003	8	47578
20481
5003	8	38403
20481
5003	8	50506
20481
5003	8	11533
20481
5003	8	5548
20481
5003	8	4898
20481
5003	8	27934
20481
5003	8	47054
20481
5003	8	27237
20481
5003	8	6731
20481
5003	8	35022
20481
20481
5003	8	63027
20481
5003	8	59276
20481
5003	8	34398
20481
5003	8	34146
20481
5003	8	11923
20481
5003	8	29328
20481
5003	8	28816
20481
5003	8	264
20481
5003	8	30182
20481
5003	8	22219
20481
20481
5003	8	57167
20481
5003	8	49007
20481
5003	8	30209
20481
5003	8	53756
20481
5003	8	11777
20481
5003	8	53516
20481
5003	8	18409
20481
5003	8	2431
20481
5003	8	12460
20481
20481
5003	8	13813
20481
5003	8	6743
20481
5003	8	58246
20481
5003	8	65155
20481
5003	8	60700
20481
5003	8	31901
20481
5003	8	33313
20481
5003	8	5698
20481
5003	8	58810
20481
5003	8	53475
20481
5003	8	59828
20481
5003	8	40039
20481
5003	8	25515
20481
5003	8	28281
20481
5003	8	32786
20481
5003	8	63842
20481
20481
5003	8	49724
20481
5003	8	58388
20481
5003	8	57470
20481
5003	8	47732
20481
5003	8	50053
20481
5003	8	61858
20481
5003	8	48934
20481
5003	8	40351
20481
5003	8	30310
20481
5003	8	49945
20481
5003	8	9705
20481
5003	8	49789
20481
5003	8	39042
20481
5003	8	36018
20481
5003	8	41728
20481
5003	8	55460
20481
5003	8	691
20481
5003	8	21011
20481
5003	8	50677
20481
5003	8	30203
20481
5003	8	39497
20481
5003	8	29258
20481
5003	8	55267
20481
5003	8	40268
20481
5003	8	53426
20481
5003	8	62610
20481
5003	8	14607
20481
5003	8	21319
20481
5003	8	54841
20481
5003	8	17202
20481
5003	8	52970
20481
5003	8	65109
20481
5003	8	46899
20481
5003	8	65223
20481
5003	8	30990
