16	0
16	0
16	0
16	0
16	0
16	0
16	0
16	0
16	0
16	0
16	0
14	14105
16	0
11	14105
16	0
8	14114
16	0
16	0
16	0
6	14094
16	0
16	0
16	0
16	0
16	0
16	0
16	0
16	0
16	0
16	0
16	0
16	0
16	0
16	0
16	0
16	0
16	0
16	0
16	0
16	0
16	0
16	0
16	0
16	0
16	0
16	0
16	0
16	0
16	0
16	0
16	0
16	0
16	0
16	0
16	0
16	0
16	0
16	0
16	0
16	0
16	0
16	0
16	0
16	0
16	0
16	0
16	0
16	0
16	0
16	0
16	0
16	0
16	0
16	0
16	0
16	0
16	0
16	0
16	0
16	0
16	0
16	0
16	0
16	0
16	0
16	0
16	0
16	0
16	0
16	0
16	0
16	0
16	0
16	0
16	0
16	0
16	0
8	14317
16	0
14	14308
16	0
11	14307
16	0
16	0
16	0
6	14295
16	0
16	0
16	0
16	0
16	0
16	0
16	0
16	0
16	0
16	0
16	0
14	19390
16	0
11	19388
16	0
8	19397
16	0
16	0
16	0
6	19379
16	0
16	0
16	0
16	0
16	0
16	0
16	0
16	0
16	0
16	0
16	0
14	24404
16	0
11	24402
16	0
8	24413
16	0
16	0
16	0
6	24392
16	0
16	0
16	0
16	0
16	0
16	0
16	0
16	0
16	0
16	0
16	0
8	29501
16	0
14	29492
16	0
11	29491
16	0
16	0
16	0
6	29480
16	0
16	0
16	0
16	0
16	0
16	0
16	0
16	0
16	0
16	0
16	0
8	34593
16	0
14	34584
16	0
11	34582
16	0
16	0
16	0
6	34572
16	0
16	0
16	0
16	0
16	0
16	0
16	0
16	0
16	0
16	0
16	0
16	0
16	0
16	0
16	0
16	0
16	0
16	0
16	0
16	0
16	0
16	0
16	0
16	0
16	0
16	0
16	0
16	0
16	0
16	0
16	0
16	0
16	0
16	0
16	0
16	0
16	0
16	0
16	0
16	0
16	0
16	0
16	0
16	0
16	0
16	0
16	0
16	0
16	0
16	0
16	0
16	0
16	0
16	0
16	0
16	0
16	0
16	0
16	0
16	0
16	0
16	0
16	0
16	0
16	0
16	0
16	0
16	0
16	0
16	0
16	0
16	0
16	0
16	0
16	0
16	0
16	0
16	0
16	0
16	0
16	0
16	0
16	0
16	0
16	0
16	0
16	0
16	0
16	0
8	39927
16	0
14	39918
16	0
11	39917
16	0
16	0
16	0
6	39905
16	0
16	0
16	0
16	0
16	0
16	0
16	0
16	0
16	0
16	0
16	0
8	45019
16	0
14	45010
16	0
11	45009
16	0
16	0
16	0
6	45000
16	0
16	0
16	0
16	0
16	0
16	0
16	0
16	0
16	0
16	0
16	0
14	50085
16	0
11	50083
16	0
8	50092
16	0
16	0
16	0
6	50072
16	0
16	0
16	0
16	0
16	0
16	0
16	0
16	0
16	0
16	0
16	0
8	55191
16	0
14	55182
16	0
11	55181
16	0
16	0
16	0
6	55170
16	0
16	0
16	0
16	0
16	0
16	0
16	0
16	0
16	0
16	0
16	0
14	60266
16	0
11	60264
16	0
8	60273
16	0
16	0
16	0
6	60255
16	0
16	0
16	0
16	0
16	0
16	0
16	0
16	0
16	0
16	0
16	0
14	65349
16	0
11	65349
16	0
8	65358
16	0
16	0
16	0
6	65337
16	0
16	0
16	0
16	0
16	0
16	0
16	0
16	0
16	0
16	0
16	0
16	0
16	0
16	0
16	0
16	0
16	0
16	0
16	0
16	0
16	0
16	0
16	0
16	0
16	0
16	0
16	0
16	0
16	0
16	0
16	0
16	0
16	0
16	0
16	0
16	0
16	0
16	0
16	0
16	0
16	0
16	0
16	0
16	0
16	0
16	0
16	0
16	0
16	0
16	0
16	0
16	0
16	0
16	0
16	0
16	0
16	0
16	0
16	0
16	0
16	0
16	0
16	0
16	0
16	0
16	0
16	0
16	0
16	0
16	0
16	0
16	0
16	0
16	0
16	0
16	0
16	0
16	0
16	0
16	0
16	0
16	0
16	0
16	0
16	0
16	0
16	0
16	0
16	0
16	0
16	0
16	0
16	0
16	0
16	0
16	0
16	0
16	0
16	0
16	0
16	0
14	10220
16	0
11	10217
16	0
8	10228
16	0
16	0
16	0
6	10207
16	0
16	0
16	0
16	0
16	0
16	0
16	0
16	0
16	0
16	0
16	0
8	15300
16	0
14	15292
16	0
11	15291
16	0
16	0
16	0
6	15281
16	0
16	0
16	0
16	0
16	0
16	0
16	0
16	0
16	0
16	0
16	0
8	20391
16	0
14	20383
16	0
11	20381
16	0
16	0
16	0
6	20370
16	0
16	0
16	0
16	0
16	0
16	0
16	0
16	0
16	0
16	0
16	0
8	25474
16	0
14	25466
16	0
11	25464
16	0
16	0
16	0
6	25455
16	0
16	0
16	0
16	0
16	0
16	0
16	0
16	0
16	0
16	0
16	0
14	30537
16	0
11	30536
16	0
8	30546
16	0
16	0
16	0
6	30525
16	0
16	0
16	0
16	0
16	0
16	0
16	0
16	0
16	0
16	0
16	0
16	0
16	0
16	0
16	0
16	0
16	0
16	0
16	0
16	0
16	0
16	0
16	0
16	0
16	0
16	0
16	0
16	0
16	0
16	0
16	0
16	0
16	0
16	0
16	0
16	0
16	0
16	0
16	0
16	0
16	0
16	0
16	0
16	0
16	0
16	0
16	0
16	0
16	0
16	0
16	0
16	0
16	0
16	0
16	0
16	0
16	0
16	0
16	0
16	0
16	0
16	0
16	0
16	0
16	0
16	0
16	0
16	0
16	0
16	0
16	0
8	22500
16	0
14	22491
16	0
11	22490
16	0
16	0
16	0
6	22478
16	0
16	0
16	0
16	0
16	0
16	0
16	0
16	0
16	0
16	0
16	0
14	27577
16	0
11	27575
16	0
8	27585
16	0
16	0
16	0
6	27567
16	0
16	0
16	0
16	0
16	0
16	0
16	0
16	0
16	0
16	0
16	0
14	32657
16	0
11	32654
16	0
8	32665
16	0
16	0
16	0
6	32642
16	0
16	0
16	0
16	0
16	0
16	0
16	0
16	0
16	0
16	0
16	0
8	37719
16	0
14	37710
16	0
11	37709
16	0
16	0
16	0
6	37698
16	0
16	0
16	0
16	0
16	0
16	0
16	0
16	0
16	0
16	0
16	0
8	42821
16	0
14	42813
16	0
11	42810
16	0
16	0
16	0
6	42801
16	0
16	0
16	0
16	0
16	0
16	0
16	0
16	0
16	0
16	0
16	0
8	47916
16	0
14	47907
16	0
11	47906
16	0
16	0
16	0
6	47895
16	0
16	0
16	0
16	0
16	0
16	0
16	0
16	0
16	0
16	0
16	0
16	0
16	0
16	0
16	0
16	0
16	0
16	0
16	0
16	0
16	0
16	0
16	0
16	0
16	0
16	0
16	0
16	0
16	0
16	0
16	0
16	0
16	0
16	0
16	0
16	0
16	0
16	0
16	0
16	0
16	0
16	0
16	0
16	0
16	0
16	0
16	0
16	0
16	0
16	0
16	0
16	0
16	0
16	0
16	0
16	0
16	0
16	0
16	0
16	0
16	0
16	0
16	0
16	0
16	0
16	0
16	0
16	0
16	0
16	0
16	0
16	0
16	0
16	0
16	0
16	0
16	0
16	0
16	0
6	48123
16	0
16	0
16	0
16	0
16	0
16	0
16	0
16	0
16	0
16	0
16	0
14	53184
16	0
11	53180
16	0
8	53189
16	0
16	0
16	0
6	53171
16	0
16	0
16	0
16	0
16	0
16	0
16	0
16	0
16	0
16	0
16	0
14	58237
16	0
11	58235
16	0
8	58245
16	0
16	0
16	0
6	58225
16	0
16	0
16	0
16	0
16	0
16	0
16	0
16	0
16	0
16	0
16	0
14	63308
16	0
11	63307
16	0
8	63318
16	0
16	0
16	0
6	63295
16	0
16	0
16	0
16	0
16	0
16	0
16	0
16	0
16	0
16	0
16	0
8	2885
16	0
14	2877
16	0
11	2874
16	0
16	0
16	0
6	2863
16	0
16	0
16	0
16	0
16	0
16	0
16	0
16	0
16	0
16	0
16	0
16	0
16	0
16	0
16	0
16	0
16	0
16	0
16	0
16	0
16	0
16	0
16	0
16	0
16	0
16	0
16	0
16	0
16	0
16	0
16	0
16	0
16	0
16	0
16	0
16	0
16	0
16	0
16	0
16	0
16	0
16	0
16	0
16	0
16	0
16	0
16	0
16	0
16	0
16	0
16	0
16	0
16	0
14	58365
16	0
11	58363
16	0
16	0
16	0
6	58353
16	0
16	0
16	0
16	0
16	0
16	0
16	0
16	0
16	0
16	0
16	0
8	63424
16	0
14	63415
16	0
11	63414
16	0
16	0
16	0
6	63403
16	0
16	0
16	0
16	0
16	0
16	0
16	0
16	0
16	0
16	0
16	0
8	2943
16	0
14	2934
16	0
11	2932
16	0
16	0
16	0
6	2924
16	0
16	0
16	0
16	0
16	0
16	0
16	0
16	0
16	0
16	0
16	0
14	8016
16	0
11	8016
16	0
8	8025
16	0
16	0
16	0
6	8005
16	0
16	0
16	0
16	0
16	0
16	0
16	0
16	0
16	0
16	0
16	0
16	0
16	0
16	0
16	0
16	0
16	0
16	0
16	0
16	0
16	0
16	0
16	0
16	0
16	0
16	0
16	0
16	0
16	0
16	0
16	0
16	0
16	0
16	0
16	0
16	0
16	0
16	0
16	0
16	0
16	0
16	0
16	0
16	0
16	0
16	0
16	0
16	0
16	0
16	0
16	0
16	0
16	0
16	0
16	0
16	0
16	0
16	0
16	0
16	0
16	0
16	0
16	0
16	0
16	0
14	3046
16	0
11	3044
16	0
8	3054
16	0
16	0
16	0
6	3034
16	0
16	0
16	0
16	0
16	0
16	0
16	0
16	0
16	0
16	0
16	0
14	8106
16	0
11	8103
16	0
8	8113
16	0
16	0
16	0
6	8093
16	0
16	0
16	0
16	0
16	0
16	0
16	0
16	0
16	0
16	0
16	0
14	13147
16	0
11	13147
16	0
8	13156
16	0
16	0
16	0
6	13136
16	0
16	0
16	0
16	0
16	0
16	0
16	0
16	0
16	0
16	0
16	0
16	0
16	0
16	0
16	0
16	0
16	0
16	0
16	0
16	0
16	0
16	0
16	0
16	0
16	0
16	0
16	0
16	0
8	55277
16	0
14	55268
16	0
11	55267
16	0
16	0
16	0
6	55258
16	0
16	0
16	0
16	0
16	0
16	0
16	0
16	0
16	0
16	0
16	0
14	60312
16	0
11	60310
16	0
8	60320
16	0
16	0
16	0
6	60298
16	0
16	0
16	0
16	0
16	0
16	0
16	0
16	0
16	0
16	0
16	0
8	65374
16	0
14	65366
16	0
11	65364
16	0
16	0
16	0
6	65353
16	0
16	0
16	0
16	0
16	0
16	0
16	0
16	0
16	0
16	0
16	0
16	0
16	0
16	0
16	0
16	0
16	0
16	0
16	0
16	0
16	0
16	0
16	0
16	0
16	0
16	0
16	0
16	0
16	0
16	0
16	0
16	0
16	0
16	0
16	0
16	0
16	0
16	0
16	0
16	0
16	0
16	0
16	0
16	0
16	0
16	0
16	0
16	0
16	0
16	0
16	0
16	0
16	0
16	0
16	0
16	0
16	0
16	0
16	0
16	0
16	0
16	0
16	0
16	0
16	0
16	0
16	0
16	0
16	0
16	0
16	0
16	0
16	0
16	0
16	0
16	0
16	0
16	0
16	0
16	0
16	0
16	0
16	0
16	0
16	0
16	0
16	0
16	0
16	0
16	0
16	0
16	0
16	0
16	0
16	0
16	0
16	0
16	0
16	0
16	0
16	0
14	10237
16	0
11	10235
16	0
16	0
16	0
6	10225
16	0
16	0
16	0
16	0
16	0
16	0
16	0
16	0
16	0
16	0
16	0
8	15322
16	0
14	15312
16	0
11	15310
16	0
16	0
16	0
6	15301
16	0
16	0
16	0
16	0
16	0
16	0
16	0
16	0
16	0
16	0
16	0
8	20399
16	0
14	20392
16	0
11	20391
16	0
16	0
16	0
6	20381
16	0
16	0
16	0
16	0
16	0
16	0
16	0
16	0
16	0
16	0
16	0
8	25448
16	0
14	25438
16	0
11	25437
16	0
16	0
16	0
6	25428
16	0
16	0
16	0
16	0
16	0
16	0
16	0
16	0
16	0
16	0
16	0
14	30511
16	0
11	30509
16	0
8	30520
16	0
16	0
16	0
6	30498
16	0
16	0
16	0
16	0
16	0
16	0
16	0
16	0
16	0
16	0
16	0
16	0
16	0
16	0
16	0
16	0
16	0
16	0
16	0
16	0
16	0
16	0
16	0
16	0
16	0
16	0
16	0
16	0
16	0
16	0
16	0
16	0
16	0
16	0
16	0
16	0
16	0
16	0
16	0
16	0
16	0
16	0
16	0
16	0
16	0
16	0
16	0
16	0
16	0
16	0
16	0
16	0
16	0
16	0
16	0
16	0
16	0
16	0
16	0
16	0
16	0
16	0
16	0
16	0
16	0
16	0
16	0
16	0
16	0
16	0
16	0
16	0
16	0
16	0
16	0
16	0
16	0
16	0
16	0
16	0
16	0
16	0
16	0
16	0
16	0
16	0
16	0
16	0
16	0
16	0
16	0
16	0
16	0
16	0
16	0
16	0
16	0
16	0
16	0
16	0
16	0
14	40957
16	0
11	40955
16	0
16	0
16	0
6	40945
16	0
16	0
16	0
16	0
16	0
16	0
16	0
16	0
16	0
16	0
16	0
14	46046
16	0
11	46044
16	0
8	46054
16	0
16	0
16	0
6	46033
16	0
16	0
16	0
16	0
16	0
16	0
16	0
16	0
16	0
16	0
16	0
8	51063
16	0
14	51055
16	0
11	51055
16	0
16	0
16	0
6	51048
16	0
16	0
16	0
16	0
16	0
16	0
16	0
16	0
16	0
16	0
16	0
8	56151
16	0
14	56142
16	0
11	56141
16	0
16	0
16	0
6	56131
16	0
16	0
16	0
16	0
16	0
16	0
16	0
16	0
16	0
16	0
16	0
14	61209
16	0
11	61209
16	0
8	61218
16	0
16	0
16	0
6	61198
16	0
16	0
16	0
16	0
16	0
16	0
16	0
16	0
16	0
16	0
16	0
14	790
16	0
11	789
16	0
8	798
16	0
16	0
16	0
6	778
16	0
16	0
16	0
16	0
16	0
16	0
16	0
16	0
16	0
16	0
16	0
16	0
16	0
16	0
16	0
16	0
16	0
16	0
16	0
16	0
16	0
16	0
16	0
16	0
16	0
16	0
16	0
16	0
16	0
16	0
16	0
16	0
16	0
16	0
16	0
16	0
16	0
16	0
16	0
16	0
16	0
16	0
16	0
16	0
16	0
16	0
16	0
16	0
16	0
16	0
16	0
16	0
16	0
16	0
16	0
16	0
16	0
16	0
16	0
16	0
16	0
16	0
16	0
16	0
16	0
16	0
16	0
16	0
16	0
16	0
16	0
16	0
16	0
16	0
16	0
16	0
16	0
16	0
16	0
16	0
16	0
16	0
16	0
16	0
16	0
16	0
16	0
16	0
16	0
16	0
16	0
16	0
16	0
16	0
16	0
16	0
16	0
16	0
16	0
16	0
16	0
8	11227
16	0
14	11218
16	0
11	11217
16	0
16	0
16	0
16	0
16	0
16	0
16	0
16	0
16	0
16	0
16	0
16	0
16	0
16	0
16	0
16	0
16	0
16	0
16	0
16	0
16	0
16	0
16	0
16	0
16	0
16	0
16	0
16	0
16	0
16	0
16	0
16	0
16	0
16	0
16	0
16	0
16	0
16	0
16	0
16	0
16	0
16	0
16	0
16	0
14	17405
16	0
11	17403
16	0
16	0
16	0
6	17393
16	0
16	0
16	0
16	0
16	0
16	0
16	0
16	0
16	0
16	0
16	0
14	22482
16	0
11	22481
16	0
8	22492
16	0
16	0
16	0
6	22472
16	0
16	0
16	0
16	0
16	0
16	0
16	0
16	0
16	0
16	0
16	0
8	27542
16	0
14	27533
16	0
11	27530
16	0
16	0
16	0
6	27520
16	0
16	0
16	0
16	0
16	0
16	0
16	0
16	0
16	0
16	0
16	0
14	32617
16	0
11	32616
16	0
8	32625
16	0
16	0
16	0
6	32606
16	0
16	0
16	0
16	0
16	0
16	0
16	0
16	0
16	0
16	0
16	0
14	37689
16	0
11	37688
16	0
8	37699
16	0
16	0
16	0
6	37679
16	0
16	0
16	0
16	0
16	0
16	0
16	0
16	0
16	0
16	0
16	0
16	0
16	0
16	0
16	0
16	0
16	0
16	0
16	0
16	0
16	0
16	0
16	0
16	0
16	0
16	0
16	0
16	0
16	0
16	0
16	0
16	0
16	0
16	0
16	0
16	0
16	0
16	0
16	0
16	0
16	0
16	0
16	0
16	0
16	0
16	0
16	0
16	0
16	0
16	0
16	0
16	0
16	0
16	0
16	0
16	0
16	0
16	0
16	0
16	0
16	0
16	0
16	0
16	0
16	0
16	0
16	0
16	0
16	0
16	0
16	0
16	0
16	0
16	0
16	0
16	0
16	0
16	0
16	0
16	0
16	0
16	0
16	0
16	0
16	0
16	0
16	0
16	0
16	0
16	0
16	0
16	0
16	0
16	0
16	0
16	0
16	0
16	0
16	0
16	0
16	0
16	0
16	0
16	0
16	0
16	0
16	0
16	0
16	0
16	0
16	0
16	0
16	0
14	53239
16	0
11	53238
16	0
16	0
16	0
6	53228
16	0
16	0
16	0
16	0
16	0
16	0
16	0
16	0
16	0
16	0
16	0
8	58312
16	0
14	58304
16	0
11	58301
16	0
16	0
16	0
6	58293
16	0
16	0
16	0
16	0
16	0
16	0
16	0
16	0
16	0
16	0
16	0
8	63391
16	0
14	63381
16	0
11	63378
16	0
16	0
16	0
6	63366
16	0
16	0
16	0
16	0
16	0
16	0
16	0
16	0
16	0
16	0
16	0
14	2929
16	0
11	2927
16	0
8	2936
16	0
16	0
16	0
6	2920
16	0
16	0
16	0
16	0
16	0
16	0
16	0
16	0
16	0
16	0
16	0
14	8003
16	0
11	8002
16	0
8	8012
16	0
16	0
16	0
6	7990
16	0
16	0
16	0
16	0
16	0
16	0
16	0
16	0
16	0
16	0
16	0
14	13085
16	0
11	13084
16	0
8	13094
16	0
16	0
16	0
6	13074
16	0
16	0
16	0
16	0
16	0
16	0
16	0
16	0
16	0
16	0
16	0
16	0
16	0
16	0
16	0
16	0
16	0
16	0
16	0
16	0
16	0
16	0
16	0
16	0
16	0
16	0
16	0
16	0
16	0
16	0
16	0
16	0
16	0
16	0
16	0
16	0
16	0
16	0
16	0
16	0
16	0
16	0
16	0
16	0
16	0
16	0
16	0
16	0
16	0
16	0
16	0
16	0
16	0
16	0
16	0
16	0
16	0
16	0
16	0
16	0
16	0
16	0
16	0
16	0
16	0
16	0
16	0
16	0
16	0
16	0
16	0
16	0
16	0
16	0
16	0
16	0
16	0
11	13311
16	0
16	0
16	0
6	13301
16	0
16	0
16	0
16	0
16	0
16	0
16	0
16	0
16	0
16	0
16	0
8	18394
16	0
14	18385
16	0
11	18384
16	0
16	0
16	0
6	18373
16	0
16	0
16	0
16	0
16	0
16	0
16	0
16	0
16	0
16	0
16	0
8	23475
16	0
14	23467
16	0
11	23464
16	0
16	0
16	0
6	23455
16	0
16	0
16	0
16	0
16	0
16	0
16	0
16	0
16	0
16	0
16	0
14	28556
16	0
11	28554
16	0
8	28564
16	0
16	0
16	0
6	28544
16	0
16	0
16	0
16	0
16	0
16	0
16	0
16	0
16	0
16	0
16	0
8	33634
16	0
14	33627
16	0
11	33624
16	0
16	0
16	0
6	33613
16	0
16	0
16	0
16	0
16	0
16	0
16	0
16	0
16	0
16	0
16	0
8	38710
16	0
14	38701
16	0
11	38700
16	0
16	0
16	0
6	38688
16	0
16	0
16	0
16	0
16	0
16	0
16	0
16	0
16	0
16	0
16	0
16	0
16	0
16	0
16	0
16	0
16	0
16	0
16	0
16	0
16	0
16	0
16	0
16	0
16	0
16	0
16	0
16	0
16	0
16	0
16	0
16	0
16	0
16	0
16	0
16	0
16	0
16	0
16	0
16	0
16	0
16	0
16	0
16	0
16	0
16	0
8	55282
16	0
14	55273
16	0
11	55273
16	0
16	0
16	0
6	55263
16	0
16	0
16	0
16	0
16	0
16	0
16	0
16	0
16	0
16	0
16	0
8	60352
16	0
14	60343
16	0
11	60343
16	0
16	0
16	0
6	60332
16	0
16	0
16	0
16	0
16	0
16	0
16	0
16	0
16	0
16	0
16	0
8	65430
16	0
14	65422
16	0
11	65420
16	0
16	0
16	0
6	65410
16	0
16	0
16	0
16	0
16	0
16	0
16	0
16	0
16	0
16	0
16	0
8	4968
16	0
14	4960
16	0
11	4959
16	0
16	0
16	0
6	4948
16	0
16	0
16	0
16	0
16	0
16	0
16	0
16	0
16	0
16	0
16	0
8	10046
16	0
14	10037
16	0
11	10036
16	0
16	0
16	0
6	10025
16	0
16	0
16	0
16	0
16	0
16	0
16	0
16	0
16	0
16	0
16	0
16	0
16	0
16	0
16	0
16	0
16	0
16	0
16	0
16	0
16	0
16	0
16	0
16	0
16	0
16	0
16	0
16	0
16	0
16	0
16	0
16	0
16	0
16	0
16	0
16	0
16	0
16	0
16	0
16	0
16	0
16	0
16	0
16	0
16	0
16	0
16	0
16	0
16	0
16	0
16	0
16	0
16	0
16	0
16	0
16	0
16	0
16	0
16	0
16	0
16	0
16	0
16	0
16	0
16	0
16	0
16	0
16	0
16	0
16	0
16	0
16	0
16	0
16	0
16	0
16	0
16	0
16	0
16	0
16	0
16	0
16	0
16	0
16	0
16	0
16	0
16	0
16	0
16	0
14	15306
16	0
11	15304
16	0
8	15314
16	0
16	0
16	0
6	15293
16	0
16	0
16	0
16	0
16	0
16	0
16	0
16	0
16	0
16	0
16	0
14	20389
16	0
11	20387
16	0
8	20396
16	0
16	0
16	0
6	20379
16	0
16	0
16	0
16	0
16	0
16	0
16	0
16	0
16	0
16	0
16	0
8	25467
16	0
14	25459
16	0
11	25457
16	0
16	0
16	0
6	25448
16	0
16	0
16	0
16	0
16	0
16	0
16	0
16	0
16	0
16	0
16	0
8	30555
16	0
14	30548
16	0
11	30544
16	0
16	0
16	0
6	30535
16	0
16	0
16	0
16	0
16	0
16	0
16	0
16	0
16	0
16	0
16	0
8	35631
16	0
14	35622
16	0
11	35620
16	0
16	0
16	0
6	35609
16	0
16	0
16	0
16	0
16	0
16	0
16	0
16	0
16	0
16	0
16	0
16	0
16	0
16	0
16	0
16	0
16	0
16	0
16	0
16	0
16	0
16	0
16	0
16	0
16	0
16	0
16	0
16	0
16	0
16	0
16	0
16	0
16	0
16	0
16	0
16	0
16	0
16	0
16	0
16	0
16	0
16	0
16	0
16	0
16	0
16	0
16	0
16	0
16	0
16	0
16	0
16	0
16	0
16	0
16	0
16	0
16	0
16	0
16	0
16	0
16	0
16	0
16	0
16	0
16	0
16	0
16	0
6	30715
16	0
16	0
16	0
16	0
16	0
16	0
16	0
16	0
16	0
16	0
16	0
8	35825
16	0
14	35817
16	0
11	35815
16	0
16	0
16	0
6	35804
16	0
16	0
16	0
16	0
16	0
16	0
16	0
16	0
16	0
16	0
16	0
8	40900
16	0
14	40892
16	0
11	40891
16	0
16	0
16	0
6	40881
16	0
16	0
16	0
16	0
16	0
16	0
16	0
16	0
16	0
16	0
16	0
14	45985
16	0
11	45983
16	0
8	45992
16	0
16	0
16	0
6	45972
16	0
16	0
16	0
16	0
16	0
16	0
16	0
16	0
16	0
16	0
16	0
8	51082
16	0
14	51073
16	0
11	51071
16	0
16	0
16	0
6	51060
16	0
16	0
16	0
16	0
16	0
16	0
16	0
16	0
16	0
16	0
16	0
8	56162
16	0
14	56155
16	0
11	56152
16	0
16	0
16	0
6	56142
16	0
16	0
16	0
16	0
16	0
16	0
16	0
16	0
16	0
16	0
16	0
14	61240
16	0
11	61238
16	0
8	61249
16	0
16	0
16	0
6	61228
16	0
16	0
16	0
16	0
16	0
16	0
16	0
16	0
16	0
16	0
16	0
16	0
16	0
16	0
16	0
16	0
16	0
16	0
16	0
16	0
16	0
16	0
16	0
16	0
16	0
16	0
16	0
16	0
16	0
16	0
16	0
16	0
16	0
16	0
16	0
16	0
16	0
16	0
16	0
16	0
16	0
16	0
16	0
16	0
16	0
16	0
16	0
16	0
16	0
16	0
16	0
16	0
16	0
16	0
16	0
16	0
16	0
16	0
16	0
16	0
16	0
16	0
16	0
16	0
16	0
16	0
16	0
16	0
16	0
16	0
16	0
16	0
16	0
16	0
16	0
16	0
16	0
8	61398
16	0
14	61389
16	0
11	61388
16	0
16	0
16	0
6	61379
16	0
16	0
16	0
16	0
16	0
16	0
16	0
16	0
16	0
16	0
16	0
14	942
16	0
11	939
16	0
8	949
16	0
16	0
16	0
6	929
16	0
16	0
16	0
16	0
16	0
16	0
16	0
16	0
16	0
16	0
16	0
14	6034
16	0
11	6034
16	0
8	6045
16	0
16	0
16	0
6	6022
16	0
16	0
16	0
16	0
16	0
16	0
16	0
16	0
16	0
16	0
16	0
16	0
16	0
16	0
16	0
16	0
16	0
16	0
16	0
14	37874
16	0
11	37873
16	0
8	37885
16	0
16	0
16	0
6	37865
16	0
16	0
16	0
16	0
16	0
16	0
16	0
16	0
16	0
16	0
16	0
14	42920
16	0
11	42919
16	0
8	42929
16	0
16	0
16	0
6	42911
16	0
16	0
16	0
16	0
16	0
16	0
16	0
16	0
16	0
16	0
16	0
8	48006
16	0
14	47999
16	0
11	47997
16	0
16	0
16	0
6	47987
16	0
16	0
16	0
16	0
16	0
16	0
16	0
16	0
16	0
16	0
16	0
14	53058
16	0
11	53057
16	0
8	53067
16	0
16	0
16	0
6	53046
16	0
16	0
16	0
16	0
16	0
16	0
16	0
16	0
16	0
16	0
16	0
8	58155
16	0
14	58146
16	0
11	58145
16	0
16	0
16	0
6	58135
16	0
16	0
16	0
16	0
16	0
16	0
16	0
16	0
16	0
16	0
16	0
16	0
16	0
16	0
16	0
16	0
16	0
16	0
16	0
16	0
16	0
16	0
16	0
16	0
16	0
16	0
16	0
16	0
16	0
16	0
16	0
16	0
16	0
16	0
16	0
16	0
16	0
16	0
16	0
16	0
16	0
16	0
16	0
16	0
16	0
16	0
16	0
16	0
16	0
16	0
16	0
16	0
16	0
16	0
16	0
16	0
16	0
16	0
16	0
16	0
16	0
16	0
16	0
16	0
16	0
16	0
16	0
16	0
16	0
16	0
16	0
16	0
16	0
16	0
16	0
16	0
16	0
8	58353
16	0
14	58343
16	0
11	58340
16	0
16	0
16	0
6	58331
16	0
16	0
16	0
16	0
16	0
16	0
16	0
16	0
16	0
16	0
16	0
14	63422
16	0
11	63420
16	0
8	63429
16	0
16	0
16	0
6	63411
16	0
16	0
16	0
16	0
16	0
16	0
16	0
16	0
16	0
16	0
16	0
8	2938
16	0
14	2931
16	0
11	2929
16	0
16	0
16	0
6	2920
16	0
16	0
16	0
16	0
16	0
16	0
16	0
16	0
16	0
16	0
16	0
14	7976
16	0
11	7975
16	0
8	7985
16	0
16	0
16	0
6	7964
16	0
16	0
16	0
16	0
16	0
16	0
16	0
16	0
16	0
16	0
16	0
16	0
16	0
16	0
16	0
16	0
16	0
16	0
16	0
16	0
16	0
16	0
16	0
16	0
16	0
16	0
16	0
16	0
16	0
16	0
16	0
16	0
16	0
16	0
16	0
16	0
16	0
16	0
16	0
16	0
16	0
16	0
16	0
16	0
16	0
16	0
16	0
16	0
16	0
16	0
16	0
16	0
16	0
16	0
16	0
16	0
16	0
16	0
16	0
16	0
16	0
16	0
16	0
16	0
16	0
16	0
16	0
16	0
16	0
16	0
16	0
16	0
16	0
16	0
16	0
16	0
16	0
16	0
16	0
16	0
16	0
16	0
16	0
16	0
16	0
16	0
16	0
16	0
16	0
8	13302
16	0
14	13293
16	0
11	13291
16	0
16	0
16	0
6	13281
16	0
16	0
16	0
16	0
16	0
16	0
16	0
16	0
16	0
16	0
16	0
8	18376
16	0
14	18368
16	0
11	18366
16	0
16	0
16	0
6	18355
16	0
16	0
16	0
16	0
16	0
16	0
16	0
16	0
16	0
16	0
16	0
14	23429
16	0
11	23426
16	0
8	23437
16	0
16	0
16	0
6	23416
16	0
16	0
16	0
16	0
16	0
16	0
16	0
16	0
16	0
16	0
16	0
14	28514
16	0
11	28511
16	0
8	28521
16	0
16	0
16	0
6	28502
16	0
16	0
16	0
16	0
16	0
16	0
16	0
16	0
16	0
16	0
16	0
8	33597
16	0
14	33588
16	0
11	33587
16	0
16	0
16	0
6	33577
16	0
16	0
16	0
16	0
16	0
16	0
16	0
16	0
16	0
16	0
16	0
16	0
16	0
16	0
16	0
16	0
16	0
16	0
16	0
16	0
16	0
16	0
16	0
16	0
16	0
16	0
16	0
16	0
16	0
16	0
16	0
16	0
16	0
16	0
16	0
16	0
16	0
16	0
16	0
16	0
16	0
16	0
16	0
16	0
16	0
16	0
16	0
16	0
16	0
16	0
16	0
16	0
16	0
16	0
16	0
16	0
16	0
16	0
16	0
16	0
16	0
16	0
16	0
16	0
16	0
16	0
16	0
16	0
16	0
16	0
16	0
16	0
16	0
16	0
16	0
16	0
16	0
16	0
16	0
16	0
16	0
16	0
16	0
16	0
16	0
16	0
16	0
16	0
16	0
16	0
16	0
16	0
16	0
16	0
16	0
16	0
16	0
16	0
16	0
16	0
16	0
14	44003
16	0
11	44001
16	0
8	44011
16	0
16	0
16	0
6	43990
16	0
16	0
16	0
16	0
16	0
16	0
16	0
16	0
16	0
16	0
16	0
8	49058
16	0
14	49051
16	0
11	49048
16	0
16	0
16	0
6	49038
16	0
16	0
16	0
16	0
16	0
16	0
16	0
16	0
16	0
16	0
16	0
8	54120
16	0
14	54110
16	0
11	54107
16	0
16	0
16	0
6	54099
16	0
16	0
16	0
16	0
16	0
16	0
16	0
16	0
16	0
16	0
16	0
16	0
16	0
16	0
16	0
16	0
16	0
16	0
16	0
16	0
16	0
16	0
16	0
16	0
16	0
16	0
16	0
16	0
16	0
16	0
16	0
16	0
16	0
16	0
16	0
16	0
16	0
16	0
16	0
8	65522
16	0
14	65513
16	0
11	65513
16	0
16	0
16	0
6	65499
16	0
16	0
16	0
16	0
16	0
16	0
16	0
16	0
16	0
16	0
16	0
14	5067
16	0
11	5064
16	0
8	5074
16	0
16	0
16	0
6	5056
16	0
16	0
16	0
16	0
16	0
16	0
16	0
16	0
16	0
16	0
16	0
14	10141
16	0
11	10139
16	0
8	10148
16	0
16	0
16	0
6	10126
16	0
16	0
16	0
16	0
16	0
16	0
16	0
16	0
16	0
16	0
16	0
14	15223
16	0
11	15222
16	0
8	15232
16	0
16	0
16	0
6	15212
16	0
16	0
16	0
16	0
16	0
16	0
16	0
16	0
16	0
16	0
16	0
8	20311
16	0
14	20303
16	0
11	20301
16	0
16	0
16	0
6	20291
16	0
16	0
16	0
16	0
16	0
16	0
16	0
16	0
16	0
16	0
16	0
8	25383
16	0
14	25374
16	0
11	25373
16	0
16	0
16	0
6	25363
16	0
16	0
16	0
16	0
16	0
16	0
16	0
16	0
16	0
16	0
16	0
16	0
16	0
16	0
16	0
16	0
16	0
16	0
16	0
16	0
16	0
16	0
16	0
16	0
16	0
16	0
16	0
16	0
16	0
16	0
16	0
16	0
16	0
16	0
16	0
16	0
16	0
16	0
16	0
16	0
16	0
16	0
16	0
16	0
16	0
16	0
16	0
16	0
16	0
16	0
16	0
16	0
16	0
16	0
16	0
16	0
16	0
16	0
16	0
16	0
16	0
16	0
16	0
16	0
16	0
16	0
16	0
16	0
16	0
16	0
16	0
16	0
16	0
16	0
16	0
16	0
16	0
16	0
16	0
16	0
16	0
16	0
16	0
16	0
16	0
16	0
16	0
16	0
16	0
16	0
16	0
16	0
16	0
16	0
16	0
16	0
16	0
16	0
16	0
16	0
16	0
8	35831
16	0
14	35821
16	0
11	35819
16	0
16	0
16	0
6	35809
16	0
16	0
16	0
16	0
16	0
16	0
16	0
16	0
16	0
16	0
16	0
8	40875
16	0
14	40867
16	0
11	40864
16	0
16	0
16	0
6	40854
16	0
16	0
16	0
16	0
16	0
16	0
16	0
16	0
16	0
16	0
16	0
8	45962
16	0
14	45954
16	0
11	45952
16	0
16	0
16	0
6	45940
16	0
16	0
16	0
16	0
16	0
16	0
16	0
16	0
16	0
16	0
16	0
8	51039
16	0
14	51031
16	0
11	51030
16	0
16	0
16	0
6	51020
16	0
16	0
16	0
16	0
16	0
16	0
16	0
16	0
16	0
16	0
16	0
14	56118
16	0
11	56117
16	0
8	56127
16	0
16	0
16	0
6	56107
16	0
16	0
16	0
16	0
16	0
16	0
16	0
16	0
16	0
16	0
16	0
16	0
16	0
16	0
16	0
16	0
16	0
16	0
16	0
16	0
16	0
16	0
16	0
16	0
16	0
16	0
16	0
16	0
16	0
16	0
16	0
16	0
16	0
16	0
16	0
16	0
16	0
16	0
16	0
16	0
16	0
16	0
16	0
16	0
16	0
16	0
16	0
16	0
16	0
16	0
16	0
16	0
16	0
14	46039
16	0
11	46038
16	0
8	46049
16	0
16	0
16	0
6	46028
16	0
16	0
16	0
16	0
16	0
16	0
16	0
16	0
16	0
16	0
16	0
8	51136
16	0
14	51127
16	0
11	51127
16	0
16	0
16	0
6	51115
16	0
16	0
16	0
16	0
16	0
16	0
16	0
16	0
16	0
16	0
16	0
14	56217
16	0
11	56215
16	0
8	56224
16	0
16	0
16	0
6	56202
16	0
16	0
16	0
16	0
16	0
16	0
16	0
16	0
16	0
16	0
16	0
14	61302
16	0
11	61299
16	0
8	61308
16	0
16	0
16	0
6	61292
16	0
16	0
16	0
16	0
16	0
16	0
16	0
16	0
16	0
16	0
16	0
8	859
16	0
14	851
16	0
11	848
16	0
16	0
16	0
6	837
16	0
16	0
16	0
16	0
16	0
16	0
16	0
16	0
16	0
16	0
16	0
8	5935
16	0
14	5926
16	0
11	5924
16	0
16	0
16	0
6	5915
16	0
16	0
16	0
16	0
16	0
16	0
16	0
16	0
16	0
16	0
16	0
16	0
16	0
16	0
16	0
16	0
16	0
16	0
16	0
16	0
16	0
16	0
16	0
16	0
16	0
16	0
16	0
16	0
16	0
16	0
16	0
16	0
16	0
16	0
16	0
16	0
16	0
16	0
16	0
16	0
16	0
16	0
16	0
16	0
16	0
16	0
16	0
16	0
16	0
16	0
16	0
16	0
16	0
16	0
16	0
16	0
16	0
16	0
16	0
16	0
16	0
16	0
16	0
16	0
16	0
16	0
16	0
6	1023
16	0
16	0
16	0
16	0
16	0
16	0
16	0
16	0
16	0
16	0
16	0
14	6094
16	0
11	6093
16	0
8	6103
16	0
16	0
16	0
6	6083
16	0
16	0
